2323	4555	1
1868	4555	1
2896	4555	1
7405	4555	1
2575	4555	1
1745	1795	1
6651	1795	1
6999	1795	1
4627	1795	1
3769	1795	1
253	1795	1
5624	1795	1
6920	1795	1
3895	1795	1
231	1795	1
4057	1795	1
3857	1795	1
6558	1795	1
5261	1795	1
5815	1795	1
652	1795	1
3353	1795	1
344	1795	1
2019	1795	1
7389	1795	1
4012	1795	1
244	1795	1
5189	1565	1
3024	1565	1
4146	1565	1
4497	1565	1
6813	3505	1
7028	3505	1
7826	3505	1
2564	3505	1
4067	3505	1
1449	3505	1
6105	3505	1
1378	3505	1
379	3606	1
306	3606	1
4033	3606	1
2096	3606	1
1862	3606	1
1103	3606	1
1409	3606	1
7473	3606	1
7348	3606	1
2806	3606	1
2829	3606	1
3266	3606	1
4552	3606	1
2910	3606	1
2372	3606	1
1239	3606	1
6143	3606	1
6226	3606	1
2070	3606	1
3925	3606	1
7404	3606	1
5062	3606	1
280	3606	1
911	4080	1
860	4080	1
1961	4080	1
7072	4080	1
1738	4080	1
2412	4080	1
1776	4080	1
1755	2432	1
2284	2432	1
5217	2432	1
3376	2432	1
7497	2432	1
4585	2432	1
2730	3453	1
5215	3453	1
4168	3453	1
2025	3453	1
6111	3453	1
5131	3453	1
4058	3453	1
3898	3453	1
896	3453	1
4233	3453	1
3417	3453	1
5859	3453	1
3401	3453	1
4819	3453	1
752	4838	1
979	4838	1
3756	4838	1
2912	4838	1
784	4838	1
4470	4838	1
756	5820	1
2251	5820	1
96	5820	1
3604	5820	1
2268	5820	1
6981	5820	1
5711	5820	1
7336	5820	1
232	4696	1
243	4696	1
2695	4696	1
6244	4696	1
1713	4696	1
5606	4696	1
2519	4696	1
4141	4929	1
3811	4929	1
1132	4929	1
3124	4929	1
4576	4929	1
6422	7795	1
7045	7795	1
5962	7795	1
5867	7795	1
2595	4529	1
4206	4529	1
1082	4529	1
2991	4529	1
7507	4529	1
305	4529	1
2658	4529	1
5128	2289	1
6298	2289	1
4736	2289	1
718	2289	1
848	2289	1
7457	2289	1
5694	2289	1
7753	2289	1
1226	2289	1
168	2289	1
2945	2289	1
26	703	1
6588	703	1
346	703	1
4376	703	1
7774	703	1
7021	703	1
5911	703	1
2942	703	1
5610	703	1
2975	5477	1
4045	5477	1
4473	5477	1
2291	5477	1
1108	5477	1
3089	5477	1
4968	329	1
701	329	1
392	329	1
1941	329	1
3051	329	1
3544	329	1
5252	329	1
3418	329	1
1789	5776	1
4940	5776	1
7227	5776	1
5495	5776	1
7212	307	1
1498	307	1
4493	307	1
3734	307	1
2364	307	1
4445	307	1
407	307	1
3217	307	1
5729	307	1
3075	4089	1
3700	4089	1
5266	4089	1
2404	4089	1
6861	4089	1
1856	4089	1
799	4725	1
421	4725	1
3681	4725	1
6983	4725	1
4734	1959	1
4267	1959	1
6457	1959	1
454	1959	1
5769	1959	1
5602	1959	1
4247	3267	1
7391	3267	1
4006	3267	1
6769	3267	1
5873	3267	1
2114	3267	1
4157	3267	1
6345	3267	1
139	3267	1
7085	3267	1
6931	3267	1
4183	3267	1
5489	2897	1
5393	2897	1
4630	2897	1
2461	2897	1
3080	2897	1
7675	6574	1
3395	6574	1
1719	6574	1
618	1560	1
6009	1560	1
625	1560	1
6321	6627	1
983	6627	1
2531	6627	1
3474	6627	1
5963	6627	1
1107	6627	1
3230	2033	1
909	2033	1
4106	2033	1
7762	2033	1
2466	2033	1
3058	2033	1
4857	2033	1
29	2033	1
6216	2033	1
7319	5539	1
5405	5539	1
7734	5539	1
257	5539	1
984	5539	1
4702	5539	1
3477	5539	1
3986	5539	1
4336	5539	1
7370	5539	1
6156	5539	1
1775	5539	1
812	5539	1
3235	5539	1
2853	5539	1
6392	5539	1
2641	5539	1
1424	5539	1
33	5539	1
1971	5539	1
1504	5539	1
1371	5742	1
4690	5742	1
3126	5742	1
7861	5742	1
3672	5431	1
1480	5431	1
3599	5431	1
5297	5431	1
3200	5431	1
7292	5749	1
7871	5749	1
6442	5749	1
6594	5749	1
6615	5749	1
5526	5749	1
1085	5749	1
2680	5749	1
1981	5749	1
721	5749	1
5573	5749	1
4853	5749	1
3864	3682	1
844	3682	1
6991	3682	1
7270	3682	1
5795	3682	1
6424	3682	1
7380	5899	1
7790	5899	1
5566	5899	1
2295	5899	1
2462	3440	1
1913	3440	1
451	3440	1
4353	3440	1
5060	3440	1
3842	1373	1
1204	1373	1
6126	1373	1
56	1373	1
1972	1373	1
1656	6403	1
4551	6403	1
5908	6403	1
3750	6403	1
3314	6403	1
6938	6403	1
586	6403	1
3982	6403	1
1054	6403	1
699	6403	1
426	6528	1
7341	6528	1
3788	6528	1
4461	2053	1
6200	2053	1
6504	2053	1
7201	2053	1
2878	2053	1
7016	6696	1
1126	6696	1
4061	6696	1
1677	6696	1
6817	6696	1
3791	6696	1
5351	7309	1
3537	7309	1
213	7309	1
2939	7309	1
6797	7309	1
6003	7309	1
1905	2566	1
4118	2566	1
834	2566	1
6917	2566	1
2419	2566	1
4429	2566	1
1483	2566	1
602	2566	1
2190	3860	1
2369	3860	1
2846	3860	1
3984	3742	1
7261	3742	1
826	3742	1
3490	3742	1
5724	3742	1
5187	2344	1
5389	2344	1
275	2344	1
905	2344	1
2230	2344	1
4574	2344	1
4081	2344	1
6271	1466	1
7687	1466	1
3905	1466	1
3299	1466	1
2700	1507	1
6686	1507	1
309	1507	1
856	5599	1
4979	5599	1
2742	5599	1
128	4753	1
4392	4753	1
968	4753	1
2140	3804	1
7429	3804	1
7022	3804	1
6370	3804	1
3473	3804	1
5375	2706	1
4002	2706	1
5763	2706	1
3362	2786	1
2953	2786	1
3601	2786	1
1256	4167	1
4393	4167	1
7006	4167	1
5358	4167	1
3147	4167	1
1178	4167	1
2953	4167	1
823	4167	1
271	4167	1
2899	4167	1
6094	4167	1
975	4167	1
7799	4167	1
4775	1823	1
6408	1823	1
1882	1823	1
5089	1823	1
1372	1823	1
6128	7190	1
7180	7190	1
3228	7190	1
3912	7190	1
4550	5665	1
2962	5665	1
450	5665	1
4184	5665	1
2392	5665	1
3411	2087	1
3209	2087	1
535	2087	1
54	2087	1
498	2087	1
2297	2087	1
2090	7330	1
5775	7330	1
7496	7330	1
6969	7330	1
4874	7330	1
808	7330	1
3488	7330	1
5907	7330	1
3027	7330	1
3733	2029	1
7199	2029	1
7505	2029	1
2069	2029	1
4198	2029	1
2261	2029	1
6870	2029	1
4647	919	1
7451	919	1
1415	919	1
6799	7056	1
5273	7056	1
6913	7056	1
6332	7056	1
1805	7056	1
4912	7056	1
1099	7056	1
7708	7056	1
489	7056	1
1281	7056	1
1019	7056	1
5000	7056	1
2449	7056	1
6902	5179	1
1241	5179	1
5699	5179	1
5481	5179	1
2212	5179	1
2488	7195	1
6018	7195	1
7757	7195	1
1511	7195	1
5593	7195	1
2359	7195	1
497	92	1
3703	92	1
1245	92	1
2045	92	1
1595	92	1
1643	92	1
3249	92	1
7288	7591	1
4254	7591	1
7183	7591	1
3388	7591	1
4528	4143	1
5151	4143	1
5248	4143	1
7123	4143	1
2999	4143	1
6257	2309	1
3794	2309	1
98	2309	1
6052	2309	1
3884	2309	1
7515	2309	1
2628	2309	1
5926	3370	1
2	3370	1
3105	3370	1
5111	2835	1
6394	2835	1
3761	2835	1
5915	877	1
4395	877	1
1991	877	1
6250	1045	1
4214	1045	1
992	1045	1
4129	1045	1
5793	5950	1
5620	5950	1
3697	5950	1
2971	5950	1
6130	5950	1
5600	1930	1
5710	1930	1
7305	1930	1
1509	1930	1
795	6932	1
6040	6932	1
1364	6932	1
4496	6932	1
6232	6932	1
2543	7796	1
6622	7796	1
4958	7796	1
191	7796	1
4656	7796	1
1970	7796	1
1278	7796	1
3589	7796	1
3350	7796	1
1780	2556	1
5210	2556	1
5288	2556	1
7294	2556	1
3892	2556	1
1552	3686	1
7596	3686	1
6248	3686	1
5129	4474	1
836	4474	1
6682	4474	1
6460	4474	1
2116	4474	1
5198	4474	1
5651	4474	1
6127	2924	1
2542	2924	1
5728	2924	1
5900	2924	1
1995	2924	1
4105	7295	1
412	7295	1
6878	7295	1
665	548	1
6118	548	1
7247	548	1
1102	548	1
3349	548	1
3531	5425	1
5957	5425	1
5530	5425	1
2781	5425	1
1609	5388	1
2774	5388	1
1188	5388	1
1347	5388	1
1374	5388	1
6043	5388	1
3471	5388	1
5528	5388	1
1210	5388	1
2901	5388	1
1014	5388	1
582	5388	1
7766	5811	1
6946	5811	1
409	5811	1
3476	5811	1
5456	5811	1
3199	5811	1
5244	5164	1
5790	5164	1
2453	5164	1
5240	5164	1
4139	5164	1
216	7318	1
5174	7318	1
4976	7318	1
2386	508	1
1770	508	1
2333	508	1
6402	508	1
4124	508	1
5470	508	1
1177	5134	1
6290	5134	1
100	5134	1
1582	5134	1
1477	5134	1
7356	5134	1
2216	5134	1
3351	4549	1
509	4549	1
1197	4549	1
4858	4549	1
1623	3958	1
7411	3958	1
6490	3958	1
283	7119	1
6190	7119	1
7163	7119	1
709	7119	1
1724	1379	1
7754	1379	1
4723	1379	1
1785	1379	1
5944	1379	1
5885	1379	1
3248	1379	1
2701	1379	1
3535	3899	1
5175	3899	1
6031	3899	1
1437	3899	1
2123	4259	1
3056	4259	1
3641	4259	1
4046	4259	1
3751	1101	1
1299	1101	1
4469	1101	1
1636	1101	1
598	1101	1
884	3762	1
3509	3762	1
6387	3762	1
3421	6011	1
5423	6011	1
5494	6011	1
2167	2978	1
3224	2978	1
2108	2978	1
4419	2978	1
1772	3309	1
258	3309	1
5799	3309	1
3366	184	1
1115	184	1
3570	184	1
3924	184	1
5013	7218	1
6904	7218	1
4272	7218	1
3998	7218	1
5652	7218	1
3246	7218	1
4530	7218	1
3123	2147	1
4119	2147	1
6416	2147	1
5507	5006	1
1369	5006	1
7502	5006	1
750	5006	1
6559	5006	1
6530	4262	1
3493	4262	1
281	4262	1
1682	4262	1
7512	4262	1
439	7617	1
4837	7617	1
4824	7617	1
7643	7617	1
5817	7617	1
6895	7617	1
1744	7617	1
1803	5360	1
5150	5360	1
5809	5360	1
1243	5360	1
3131	129	1
7503	129	1
641	129	1
4098	129	1
4021	129	1
3849	1402	1
1044	1402	1
3030	1402	1
4051	1402	1
5881	1402	1
3901	1402	1
1427	1402	1
2398	1402	1
924	1402	1
4714	1402	1
5109	1402	1
2572	764	1
1644	764	1
6406	764	1
1382	764	1
3111	764	1
1118	764	1
1303	3202	1
570	3202	1
6338	3202	1
3259	3202	1
5262	3202	1
7245	3202	1
4501	3202	1
5913	3202	1
3212	3202	1
815	1681	1
2755	1681	1
2994	1681	1
3450	4911	1
4220	4911	1
1794	4911	1
5188	4911	1
2635	4911	1
22	4911	1
774	6684	1
5380	6684	1
2288	6684	1
6802	6684	1
7444	9	1
2718	9	1
4909	9	1
5841	9	1
5746	9	1
995	9	1
6626	9	1
5725	636	1
4977	636	1
6420	636	1
4436	636	1
7837	5263	1
6463	5263	1
2030	5263	1
2550	5263	1
3378	5263	1
5723	3996	1
57	3996	1
5043	3996	1
3965	3996	1
297	480	1
4463	480	1
2932	480	1
1849	480	1
829	480	1
6203	480	1
209	480	1
1413	480	1
2906	480	1
2751	4640	1
2313	4640	1
6724	4640	1
4965	3851	1
3934	3851	1
1458	3851	1
5716	3851	1
4199	3851	1
6195	3851	1
4022	5451	1
5181	5451	1
5480	5451	1
2673	4234	1
5073	4234	1
1189	4234	1
761	4234	1
3361	4234	1
2119	4234	1
148	6377	1
221	6377	1
7265	6377	1
5236	2535	1
1499	2535	1
7867	2535	1
1406	2535	1
4896	2535	1
1508	2535	1
5330	1394	1
5154	1394	1
6486	1394	1
6928	6762	1
6227	6762	1
6161	6762	1
6303	6762	1
4142	4778	1
5053	4778	1
6962	4778	1
996	4778	1
5705	4778	1
2526	4778	1
2809	4778	1
4784	4778	1
5567	4778	1
7208	4778	1
2798	6033	1
5541	6033	1
6926	6033	1
3902	6033	1
7266	1791	1
3529	1791	1
3709	1791	1
1889	1791	1
7204	1791	1
7161	5966	1
4318	5966	1
4332	5966	1
5132	5966	1
5446	5966	1
1871	2031	1
4130	2031	1
3564	2031	1
5323	2031	1
4664	2031	1
1800	6004	1
6503	6004	1
2186	6004	1
2693	6004	1
4614	6004	1
4284	6004	1
726	6004	1
2144	7728	1
7812	7728	1
3519	7728	1
1135	7728	1
1200	6376	1
3799	6376	1
7214	6376	1
1179	6376	1
6066	6376	1
2764	3738	1
6363	3738	1
3987	3738	1
2765	3738	1
6607	3738	1
4927	918	1
7192	918	1
6812	918	1
2310	918	1
4950	918	1
2618	7724	1
6967	7724	1
7554	7724	1
3093	7522	1
7051	7522	1
4374	7522	1
5345	1441	1
1960	1441	1
7369	1441	1
7173	3285	1
3919	3285	1
833	3285	1
2439	3285	1
6215	3285	1
233	3285	1
6378	4077	1
6269	4077	1
2420	4077	1
6480	4077	1
146	2174	1
4418	2174	1
1989	2174	1
6543	2174	1
4683	6844	1
5218	6844	1
4703	6844	1
4730	1518	1
4876	1518	1
3017	1518	1
6961	2306	1
4222	2306	1
6860	2306	1
5468	2306	1
522	2306	1
2308	2306	1
3491	2306	1
657	2306	1
2761	2306	1
3802	2306	1
1240	5512	1
224	5512	1
7456	5512	1
6789	5704	1
4007	5704	1
4626	5704	1
5015	7865	1
7697	7865	1
3781	7865	1
4296	7865	1
5964	7865	1
5271	7865	1
2303	7865	1
3104	7865	1
1211	3628	1
6509	3628	1
7147	3628	1
3508	3628	1
7536	1811	1
4763	1811	1
947	1811	1
4411	1811	1
4324	1811	1
5216	1811	1
5018	1811	1
6874	1811	1
7784	1811	1
1051	245	1
2581	245	1
2435	245	1
3916	1673	1
3204	1673	1
3087	1673	1
4862	1673	1
3062	1673	1
6815	1673	1
780	1647	1
3279	1647	1
6162	1647	1
4972	1647	1
1255	1647	1
4268	1647	1
6569	1647	1
1839	1647	1
7553	6110	1
1832	6110	1
4250	6110	1
6301	6110	1
3847	6110	1
7106	6110	1
4073	6110	1
398	6110	1
3484	6110	1
1331	6110	1
3687	6427	1
3629	6427	1
6233	6427	1
5781	6427	1
630	6427	1
6212	6427	1
1786	6427	1
1482	5406	1
7033	5406	1
5391	5406	1
3340	2727	1
3275	2727	1
3103	2727	1
5798	2727	1
982	2727	1
3778	2727	1
807	2727	1
3800	464	1
5501	464	1
3298	464	1
4379	1180	1
3872	1180	1
6289	1180	1
1726	4629	1
5998	4629	1
2922	4629	1
4175	4629	1
2011	2474	1
660	2474	1
2655	2474	1
4677	3130	1
2046	3130	1
2937	3130	1
1545	3130	1
948	3130	1
7108	3130	1
5792	3130	1
1122	3130	1
6864	4390	1
3045	4390	1
2150	4390	1
7440	4390	1
6515	4390	1
5999	4390	1
7312	4390	1
2482	4390	1
7781	3572	1
4608	3572	1
5663	3572	1
4357	3572	1
4111	3572	1
2409	3572	1
2783	3572	1
2968	3572	1
163	4843	1
4987	4843	1
5231	4843	1
4512	4843	1
5762	3355	1
109	3355	1
2092	3355	1
273	3355	1
7839	6773	1
5810	6773	1
3227	6773	1
7606	6773	1
5444	6773	1
7233	1266	1
5875	1266	1
5088	1266	1
7838	1453	1
4359	1453	1
6263	1453	1
5034	1453	1
5508	1453	1
5312	1059	1
4170	1059	1
5137	1059	1
3190	1059	1
6042	5394	1
3168	5394	1
5603	5394	1
2903	6305	1
2311	6305	1
2274	6305	1
7126	6305	1
5786	6305	1
731	4498	1
746	4498	1
2328	4498	1
7835	4498	1
4678	6342	1
7589	6342	1
2113	6342	1
4342	6342	1
2091	6342	1
579	6342	1
4560	6342	1
7256	4492	1
4244	4492	1
1352	4492	1
4444	4492	1
3253	4492	1
1313	4492	1
1007	4492	1
4519	4492	1
430	4492	1
5042	4492	1
5397	4492	1
6982	1346	1
3755	1346	1
7531	1346	1
2067	7079	1
4731	7079	1
4426	7079	1
6357	7079	1
318	5935	1
5278	5935	1
6273	5935	1
6272	5935	1
1037	3113	1
6707	3113	1
3153	3113	1
4084	3113	1
6971	3113	1
5823	3113	1
3205	3113	1
4048	7634	1
3390	7634	1
1877	7634	1
1641	7634	1
6237	138	1
60	138	1
5656	138	1
5341	138	1
4221	138	1
4113	138	1
1358	7552	1
2871	7552	1
2511	7552	1
505	7552	1
7654	7552	1
3542	7552	1
988	7552	1
3664	7552	1
5510	7552	1
675	7552	1
5673	7552	1
4239	6432	1
5286	6432	1
211	6432	1
2801	6432	1
1958	6432	1
50	6432	1
116	6432	1
3692	320	1
6389	320	1
6936	320	1
7699	320	1
16	320	1
7328	1033	1
304	1033	1
4543	1033	1
2417	1033	1
6834	1033	1
149	6730	1
4369	6730	1
2731	6730	1
5257	6730	1
5857	6730	1
3632	6730	1
2481	6730	1
2982	6484	1
1271	6484	1
1173	6484	1
432	2849	1
2388	2849	1
4270	2849	1
3469	68	1
1704	68	1
3090	68	1
1957	68	1
6748	68	1
1467	6352	1
4251	6352	1
6851	6352	1
6753	6352	1
7043	6352	1
5040	6352	1
6452	6352	1
3748	1895	1
5933	1895	1
1881	1895	1
6746	3773	1
7148	3773	1
7281	3773	1
6058	7686	1
471	7686	1
7667	7686	1
3920	7686	1
6591	6426	1
4833	6426	1
5607	6426	1
6747	6426	1
4043	63	1
6867	63	1
3576	63	1
897	1053	1
2672	1053	1
7808	1053	1
4354	4755	1
3583	4755	1
3169	4755	1
2640	4755	1
4261	4755	1
1771	4755	1
1320	4755	1
1821	4755	1
7169	4755	1
1095	7846	1
7315	7846	1
6907	7846	1
130	7846	1
2692	7846	1
7156	7846	1
5453	7846	1
6279	7846	1
2463	2940	1
1026	2940	1
6015	2940	1
6032	7403	1
7807	7403	1
5819	7403	1
7228	7403	1
4663	7403	1
43	7403	1
1542	4531	1
6440	4531	1
1116	4531	1
5553	4531	1
4372	2484	1
5511	2484	1
2819	2484	1
84	2484	1
2659	3639	1
4886	3639	1
6	3639	1
747	3639	1
4748	3639	1
2624	3639	1
4127	6657	1
6848	6657	1
6565	6657	1
587	6657	1
5247	2076	1
1492	2076	1
401	2076	1
4727	2076	1
4992	7029	1
7542	7029	1
1396	7029	1
5493	5905	1
2821	5905	1
6847	5905	1
2242	7136	1
455	7136	1
2159	7136	1
1863	7030	1
2728	7030	1
4503	7030	1
7216	7030	1
4575	7030	1
2299	7030	1
5612	7030	1
3630	7030	1
3503	7870	1
3009	7870	1
6556	7870	1
1523	7870	1
2935	5797	1
889	5797	1
1572	5797	1
6048	5797	1
5513	5797	1
4399	4147	1
1274	4147	1
3291	4147	1
7302	1534	1
2754	1534	1
4120	1534	1
5387	1534	1
7680	1534	1
1664	1534	1
7519	6210	1
4812	6210	1
4462	6210	1
3746	6210	1
6674	6210	1
7220	6210	1
5333	6210	1
7346	6210	1
6941	5824	1
7433	5824	1
2651	5824	1
2139	5824	1
3619	5824	1
1671	5116	1
7479	5116	1
5750	5116	1
5712	4348	1
2017	4348	1
3347	4348	1
648	4348	1
2277	4348	1
7751	4348	1
4652	4348	1
1828	4348	1
3631	2332	1
1894	2332	1
2928	2332	1
7779	4793	1
4564	4793	1
3129	4793	1
1042	4793	1
2056	7110	1
192	7110	1
5898	7110	1
1694	7110	1
7040	7110	1
6390	7110	1
3287	7314	1
2735	7314	1
1342	7314	1
5177	7314	1
4563	7314	1
2073	7314	1
2858	7314	1
6175	7343	1
853	7343	1
5184	7343	1
6485	7343	1
4738	7343	1
7453	1630	1
950	1630	1
2023	1630	1
1520	7019	1
1302	7019	1
4122	7019	1
5208	459	1
5609	459	1
1926	459	1
5683	459	1
3573	4355	1
1057	4355	1
4443	4355	1
7393	4355	1
6275	940	1
1743	940	1
5585	940	1
7445	940	1
1034	940	1
572	940	1
2813	940	1
2934	685	1
4163	685	1
1487	685	1
3047	685	1
6372	685	1
6806	6749	1
6940	6749	1
4684	6749	1
1799	2177	1
6826	2177	1
4371	2177	1
5213	4844	1
2381	4844	1
2883	4844	1
5572	4844	1
1759	5868	1
4597	5868	1
6537	5868	1
2345	6348	1
574	6348	1
4485	6348	1
4024	6757	1
7859	6757	1
80	6757	1
88	6757	1
1028	4781	1
5949	4781	1
550	4781	1
6435	4781	1
7150	4781	1
6666	4781	1
3855	4781	1
7137	2107	1
487	2107	1
619	2107	1
7373	493	1
4486	493	1
2032	493	1
1484	1335	1
6336	1335	1
1693	1335	1
719	1335	1
3233	2442	1
760	2442	1
1340	2442	1
1815	2442	1
1285	2442	1
4378	2442	1
1385	2900	1
706	2900	1
7415	2900	1
7646	2900	1
4148	2900	1
7262	3364	1
4645	3364	1
5075	3364	1
7337	3364	1
2757	1631	1
7633	1631	1
4368	1631	1
1617	6089	1
6635	6089	1
4797	6089	1
7335	6100	1
510	6100	1
5486	6100	1
7597	5160	1
2401	5160	1
6600	5160	1
2591	693	1
5884	693	1
4397	693	1
193	910	1
6993	910	1
4340	910	1
3426	910	1
6639	910	1
6648	708	1
6254	708	1
4840	708	1
5426	8	1
1174	8	1
1645	8	1
6690	8	1
5901	8	1
5703	8	1
3923	8	1
2418	3128	1
5733	3128	1
4742	3128	1
6218	5159	1
140	5159	1
7833	5159	1
7124	5159	1
6655	5159	1
4215	4479	1
4681	4479	1
2170	4479	1
4898	7850	1
1980	7850	1
2769	7850	1
935	3657	1
2256	3657	1
6093	3657	1
4740	1933	1
6590	1933	1
4666	1933	1
71	4274	1
5249	4274	1
842	4274	1
7285	5339	1
5277	5339	1
7523	5339	1
1459	2020	1
1690	2020	1
6617	2020	1
2756	6956	1
7538	6956	1
583	6956	1
3786	4861	1
7594	4861	1
5328	4861	1
7296	77	1
3550	77	1
6104	77	1
296	77	1
7720	77	1
5514	2219	1
6871	2219	1
3263	2219	1
906	6717	1
427	6717	1
4161	6717	1
495	502	1
5534	502	1
2817	502	1
460	3729	1
5772	3729	1
144	3729	1
4314	3729	1
1316	3729	1
208	3729	1
3242	3313	1
5640	3313	1
3936	3313	1
3758	3092	1
1043	3092	1
4333	3092	1
3795	3092	1
5371	3092	1
5840	3092	1
161	3092	1
3818	3092	1
6487	3092	1
5594	569	1
1655	569	1
7282	569	1
2342	569	1
5126	6548	1
4651	6548	1
7532	6548	1
4295	6548	1
4428	6548	1
2183	4642	1
377	4642	1
5860	4642	1
4571	6036	1
4956	6036	1
2629	6036	1
5753	6036	1
5083	6036	1
266	6036	1
6009	277	1
3536	277	1
7806	277	1
4377	2609	1
7447	2609	1
1047	2609	1
3494	2609	1
7165	2609	1
3268	2609	1
6800	2609	1
4092	2609	1
664	342	1
4465	342	1
1148	342	1
2221	342	1
821	342	1
7152	342	1
7067	342	1
857	7181	1
3514	7181	1
1056	7181	1
6196	5736	1
4759	5736	1
6351	5736	1
1186	5736	1
5463	5736	1
5897	79	1
6944	79	1
199	79	1
3191	79	1
2224	79	1
6308	79	1
3225	79	1
6798	79	1
6632	79	1
683	5569	1
1968	5569	1
1675	5569	1
64	5569	1
7739	5569	1
5831	5569	1
671	7278	1
4688	7278	1
7344	7278	1
5575	7278	1
753	7278	1
2725	7278	1
1554	7278	1
4885	545	1
5117	545	1
588	545	1
4694	545	1
5636	4100	1
7854	4100	1
1334	4100	1
2232	363	1
1435	363	1
4516	363	1
804	363	1
3569	363	1
5209	3608	1
1002	3608	1
7740	3608	1
2793	355	1
3680	355	1
6157	355	1
5381	371	1
5734	371	1
5783	371	1
855	371	1
1883	371	1
575	1139	1
5118	1139	1
4682	1139	1
2206	1139	1
5038	1139	1
2926	2966	1
4594	2966	1
7529	2966	1
3121	5871	1
6508	5871	1
5022	5871	1
6469	5871	1
6425	5871	1
3439	7094	1
6628	7094	1
5359	7094	1
1536	7094	1
1537	7094	1
7647	7094	1
2744	5879	1
3054	5879	1
845	5879	1
3908	781	1
6846	781	1
4691	781	1
3405	781	1
3434	781	1
3485	781	1
5070	403	1
177	403	1
3142	403	1
6990	403	1
5081	403	1
6109	403	1
6681	403	1
2330	4464	1
7721	4464	1
3558	4464	1
3330	4464	1
5100	4464	1
4191	4464	1
5737	6186	1
3498	6186	1
722	6186	1
302	6186	1
2234	6186	1
7506	6186	1
201	4634	1
3626	4634	1
2015	4634	1
2233	1164	1
733	1164	1
1892	1164	1
3704	1164	1
2637	1164	1
6646	1164	1
3658	1164	1
499	1164	1
7797	1133	1
155	1133	1
662	1133	1
386	4346	1
6246	4346	1
446	4346	1
7120	4346	1
1575	4346	1
1796	4323	1
6766	4323	1
5605	4323	1
4276	4323	1
2355	6699	1
3517	6699	1
852	6699	1
260	6699	1
1048	6699	1
6689	6699	1
1526	6699	1
6119	6699	1
7076	256	1
5268	256	1
4860	256	1
1150	256	1
3015	4970	1
2009	4970	1
3195	4970	1
36	4970	1
7752	4970	1
7587	3814	1
97	3814	1
7737	3814	1
4889	3496	1
6581	3496	1
4343	3496	1
6047	1008	1
2285	1008	1
2816	1008	1
6756	1008	1
4292	2243	1
5580	2243	1
319	2243	1
5773	2243	1
7474	2004	1
1921	2004	1
1184	2004	1
7673	2004	1
5229	2004	1
1407	2004	1
3853	2004	1
3638	2004	1
1829	2004	1
5462	2004	1
4709	7347	1
131	7347	1
4452	7347	1
6431	7347	1
483	1910	1
4712	1910	1
5847	1910	1
3463	1910	1
2441	1910	1
6002	4994	1
1570	4994	1
2421	4994	1
3571	4994	1
5194	4994	1
2686	4994	1
2137	4994	1
4650	2778	1
2996	2778	1
6705	2778	1
3949	3302	1
5395	3302	1
5891	3302	1
7057	3302	1
4790	3302	1
1181	7783	1
3719	7783	1
4776	7783	1
3511	7783	1
3500	7783	1
7249	5562	1
1365	5562	1
5887	5562	1
5384	6140	1
5019	6140	1
7526	6140	1
6014	6140	1
3785	6140	1
6630	6140	1
4160	3910	1
5850	3910	1
4904	3910	1
7069	3910	1
1049	3716	1
7853	3716	1
1191	3716	1
1999	1858	1
3447	1858	1
6914	1858	1
6598	1858	1
7855	5888	1
6779	5888	1
4978	5888	1
1543	5888	1
7583	5888	1
1456	5888	1
6934	2743	1
4609	2743	1
7521	2743	1
1474	2743	1
7627	1840	1
5990	1840	1
147	1840	1
3480	3624	1
4358	3624	1
2758	3624	1
7484	3624	1
4177	2497	1
6903	2497	1
5973	2497	1
7604	2497	1
2095	1872	1
6727	1872	1
197	1872	1
6836	1872	1
7279	6572	1
5139	6572	1
3665	6572	1
2955	6572	1
1093	6572	1
885	5969	1
1198	5969	1
5447	5969	1
108	4054	1
387	4054	1
2469	4054	1
1065	4054	1
961	4054	1
4943	4054	1
5727	4054	1
515	4054	1
7845	4522	1
6854	4522	1
680	4522	1
7202	2766	1
5284	2766	1
7379	2766	1
198	555	1
1222	555	1
7632	555	1
101	2172	1
4794	2172	1
3807	2172	1
6997	2172	1
5752	2172	1
2360	2172	1
7316	2172	1
741	1757	1
865	1757	1
6516	1757	1
2427	7378	1
1604	7378	1
3707	7378	1
3726	7378	1
3863	7378	1
3040	7378	1
4829	7378	1
2895	7378	1
187	4518	1
6260	4518	1
2855	4518	1
3993	2472	1
6587	2472	1
3107	2472	1
2505	1247	1
4806	1247	1
2569	1247	1
5222	5163	1
3499	5163	1
4237	5163	1
839	5163	1
449	1436	1
3369	1436	1
6049	1436	1
5829	1436	1
1816	1436	1
1830	917	1
3178	917	1
6929	917	1
293	763	1
4099	763	1
1376	763	1
6291	763	1
4689	2792	1
5714	2792	1
3844	2792	1
6287	2792	1
920	2792	1
7331	3689	1
441	3689	1
7466	3689	1
5745	3689	1
3600	3094	1
2622	3094	1
2447	3094	1
7768	3094	1
4004	17	1
1900	17	1
6897	17	1
4951	720	1
4701	720	1
2405	720	1
960	5866	1
1481	5866	1
4059	5866	1
6256	5866	1
395	5161	1
7003	5161	1
1767	5161	1
6781	5424	1
1084	5424	1
7426	5424	1
2515	5424	1
6959	6343	1
1190	6343	1
775	6343	1
7735	6343	1
1318	6343	1
6139	5076	1
3297	5076	1
2919	5076	1
5537	2834	1
5321	2834	1
7179	2834	1
1332	5740	1
3561	5740	1
1248	5740	1
2111	5740	1
3386	938	1
6918	938	1
5559	938	1
2602	3260	1
6909	3260	1
7625	3260	1
743	2006	1
5056	2006	1
1951	2006	1
3184	247	1
3521	247	1
6074	247	1
1969	247	1
2841	5657	1
5482	5657	1
6131	5657	1
339	5235	1
1761	5235	1
7422	5235	1
3151	5235	1
5996	5235	1
2151	5001	1
2964	5001	1
7158	5001	1
635	1779	1
3192	1779	1
7114	1779	1
3325	2202	1
4923	2202	1
6449	2202	1
1312	4589	1
4879	4589	1
7488	4589	1
4360	4589	1
2458	4868	1
4700	4868	1
7550	4868	1
4242	1401	1
2915	1401	1
3913	1401	1
5269	1401	1
7355	1401	1
6592	1401	1
2244	2181	1
6362	2181	1
5994	2181	1
1740	2181	1
5066	2181	1
3025	2181	1
7420	2181	1
4	2181	1
6685	2181	1
2876	2181	1
3283	1465	1
5777	1465	1
3483	1465	1
6371	1465	1
70	2553	1
1495	2553	1
4144	2553	1
697	2553	1
239	2553	1
3403	2553	1
1301	2553	1
1561	2553	1
543	2553	1
7701	5561	1
5707	5561	1
2298	5561	1
2969	551	1
4646	551	1
4789	551	1
2979	551	1
1874	5224	1
5465	5224	1
5176	5224	1
4310	6329	1
7716	6329	1
5295	6329	1
6551	6329	1
3834	6329	1
5812	6329	1
6857	6335	1
740	6335	1
2143	6335	1
1638	6335	1
410	6335	1
7611	6335	1
7131	6335	1
7018	6335	1
2773	6335	1
6722	3774	1
1649	3774	1
2599	3774	1
2810	5759	1
2877	5759	1
6150	5759	1
7088	5759	1
6620	5759	1
1412	3798	1
1952	3798	1
647	3798	1
3358	3478	1
1092	3478	1
3356	3478	1
1697	3478	1
3513	4834	1
7082	4834	1
755	4834	1
3545	4834	1
5400	4834	1
3822	4834	1
5146	4834	1
5787	4834	1
7001	4834	1
5064	3797	1
2254	3797	1
7397	3797	1
591	3797	1
3167	4229	1
1568	4229	1
2382	4229	1
3244	4229	1
2794	4229	1
2668	4229	1
3226	4229	1
7730	4229	1
3393	4229	1
5838	6327	1
1513	6327	1
5521	6327	1
5886	2784	1
4568	2784	1
3486	2784	1
2373	2784	1
7164	4052	1
6347	4052	1
469	4052	1
6413	4052	1
3875	4052	1
2044	3607	1
7140	3607	1
4674	3607	1
3086	3607	1
2643	3607	1
1040	3607	1
5457	4941	1
612	4941	1
6182	4941	1
4595	4675	1
6013	4675	1
1104	4675	1
3342	4675	1
963	4675	1
682	4675	1
2679	4675	1
6005	4675	1
640	4675	1
3206	3406	1
1462	3406	1
4301	3406	1
7458	5611	1
4060	5611	1
673	5611	1
7495	5531	1
3646	5531	1
4782	5531	1
4219	5531	1
2676	5558	1
476	5558	1
2371	5558	1
7747	5558	1
442	5558	1
1591	5558	1
2510	5558	1
6277	5558	1
6080	5558	1
3878	5558	1
5800	3610	1
434	3610	1
4187	3610	1
1430	1005	1
1527	1005	1
7310	1005	1
3429	7093	1
3563	7093	1
818	7093	1
2605	7658	1
2908	7658	1
1949	7658	1
4005	7658	1
2875	7658	1
6482	4117	1
424	4117	1
4316	4117	1
2691	3730	1
621	3730	1
4153	3730	1
6988	3730	1
603	3730	1
3078	3730	1
6636	3730	1
2745	4365	1
2507	4365	1
7351	4365	1
6221	3157	1
6380	3157	1
3935	3157	1
1978	3157	1
3782	4569	1
6512	4569	1
5166	4569	1
717	4569	1
3097	1502	1
5428	1502	1
2341	1502	1
1067	1502	1
3793	1502	1
581	1502	1
2642	1502	1
6856	7560	1
5430	7560	1
2185	7560	1
6710	7560	1
1774	7560	1
3852	1578	1
4705	1578	1
1018	1578	1
12	1578	1
2704	1578	1
4410	1578	1
81	6957	1
2688	6957	1
3968	6957	1
4813	6957	1
5522	2455	1
1293	2455	1
374	2455	1
3329	7656	1
4433	7656	1
1153	7656	1
1323	7656	1
4435	7656	1
1984	7656	1
6673	7656	1
6073	6309	1
3189	6309	1
5893	6309	1
3391	6309	1
526	6309	1
3532	6309	1
3850	6309	1
313	6309	1
868	6309	1
7277	7822	1
4973	7822	1
4404	7822	1
7715	7822	1
5618	6179	1
3909	6179	1
951	6179	1
4373	6179	1
4514	6310	1
5661	6310	1
1867	6310	1
1825	7711	1
5902	7711	1
4322	7711	1
5205	5645	1
7098	5645	1
2470	5645	1
117	944	1
4532	944	1
6054	944	1
3667	944	1
419	6172	1
1707	6172	1
2065	6172	1
6443	6172	1
3185	6172	1
3013	6172	1
461	6692	1
7648	6692	1
295	6692	1
1884	2503	1
7866	2503	1
7649	2503	1
1196	2503	1
3946	6283	1
5502	6283	1
7576	6283	1
5730	6283	1
1476	7610	1
970	7610	1
132	7610	1
472	7610	1
2396	2385	1
4895	2385	1
2225	2385	1
3595	2385	1
2920	801	1
5648	801	1
3594	801	1
3669	801	1
1567	801	1
3776	801	1
6441	801	1
4190	7600	1
2577	7600	1
2054	7600	1
6649	7600	1
4800	7600	1
2956	7600	1
3306	7600	1
2625	1232	1
1246	1232	1
5014	1232	1
1986	3824	1
4038	3824	1
1089	3824	1
2880	3824	1
1075	4495	1
6596	4495	1
2762	4495	1
1834	4495	1
215	4495	1
1936	1031	1
3371	1031	1
5677	1031	1
5923	1031	1
5948	1031	1
6561	4216	1
7061	4216	1
3303	4216	1
7710	2598	1
2213	2598	1
1869	2598	1
6654	353	1
6418	353	1
4306	353	1
6850	2475	1
5429	2475	1
279	2475	1
159	2475	1
3621	1405	1
2264	1405	1
4487	1405	1
7185	3582	1
249	3582	1
3166	3582	1
3475	2611	1
4277	2611	1
4741	2611	1
5122	1777	1
7086	1777	1
404	1777	1
5270	1777	1
6675	5172	1
7243	5172	1
2145	5172	1
6206	5172	1
2241	5172	1
1607	3338	1
259	3338	1
3021	3338	1
3985	3338	1
1081	3338	1
7428	1023	1
330	1023	1
6996	1023	1
7187	4149	1
4764	4149	1
1489	4149	1
3543	7320	1
1752	7320	1
724	7320	1
4584	384	1
639	384	1
2222	384	1
5691	1136	1
37	1136	1
180	1136	1
2712	1136	1
4658	6889	1
7432	6889	1
3311	6889	1
4984	7805	1
1450	7805	1
1328	7805	1
6539	7381	1
7424	7381	1
7372	7381	1
475	7381	1
5232	7381	1
922	7471	1
7273	7471	1
6577	7471	1
1283	7471	1
7569	7471	1
3727	7471	1
4102	7471	1
1906	7471	1
3813	654	1
2220	654	1
7398	654	1
2109	654	1
7577	5709	1
4335	5709	1
3868	5709	1
2320	7334	1
7063	7334	1
496	7334	1
5889	7062	1
3846	7062	1
5903	7062	1
1603	7062	1
362	2995	1
638	2995	1
7168	2995	1
2349	2995	1
6664	2995	1
3611	18	1
6253	18	1
5290	18	1
1277	18	1
1113	4955	1
5432	4955	1
4001	4955	1
1182	4955	1
4337	518	1
5383	518	1
2504	518	1
2689	7811	1
986	7811	1
7858	7811	1
7031	7811	1
457	136	1
473	136	1
2831	136	1
3825	136	1
5576	136	1
2480	136	1
5936	1860	1
5106	1860	1
7353	1860	1
3806	4227	1
933	4227	1
1596	4227	1
6138	5409	1
4680	5409	1
2987	5409	1
417	6458	1
1737	6458	1
3524	6458	1
6417	2998	1
6742	2998	1
2266	2998	1
1192	5338	1
5023	5338	1
7598	5338	1
2411	5338	1
5755	6721	1
592	6721	1
1632	6721	1
571	6721	1
2258	6721	1
1843	5851	1
5251	5851	1
7638	5851	1
7767	86	1
1983	86	1
6398	86	1
7726	4749	1
7198	4749	1
5778	4749	1
5980	4749	1
997	4749	1
3951	4749	1
778	4749	1
1079	2361	1
5050	2361	1
203	2361	1
456	2361	1
7559	2041	1
4603	2041	1
5037	2041	1
1710	6115	1
3188	6115	1
2918	6115	1
531	6794	1
7755	6794	1
3528	6794	1
2078	6794	1
4828	4283	1
3229	4283	1
6056	4283	1
646	112	1
2259	112	1
668	112	1
1581	112	1
1666	112	1
7486	112	1
2850	5170	1
6472	5170	1
6549	5170	1
5291	6358	1
5046	6358	1
5535	6358	1
632	6358	1
2820	6358	1
274	6358	1
4309	6358	1
7138	6358	1
3409	3578	1
5556	3578	1
3042	3578	1
2709	3578	1
3615	3578	1
2796	3578	1
6948	3578	1
5415	3578	1
4103	4959	1
1068	4959	1
3980	4959	1
6220	7345	1
1446	7345	1
3953	7345	1
6262	7345	1
7537	7345	1
6330	958	1
3705	958	1
7259	958	1
5058	958	1
1288	7170	1
7300	7170	1
7644	7170	1
1470	7170	1
7132	4872	1
7306	4872	1
6663	4872	1
4188	5265	1
3232	5265	1
4521	5265	1
3938	5265	1
6447	5854	1
4825	5854	1
5754	5854	1
1846	5854	1
7171	5299	1
4209	5299	1
4729	5299	1
7077	5299	1
2120	2838	1
3088	2838	1
2530	2838	1
6121	2101	1
5275	2101	1
5096	2101	1
4423	2101	1
3083	2101	1
5004	4475	1
3622	4475	1
4087	4475	1
5433	4475	1
7841	1080	1
76	1080	1
6241	1080	1
5280	1080	1
4534	1718	1
3591	1718	1
6064	1718	1
3022	3044	1
4016	3044	1
2722	3044	1
5989	3044	1
3701	3044	1
2909	1790	1
3394	1790	1
6566	1790	1
5276	5331	1
3240	5331	1
2540	5331	1
7340	593	1
6716	593	1
5357	593	1
7117	593	1
3446	4795	1
5207	4795	1
166	4795	1
6945	4795	1
4300	4795	1
793	4795	1
1172	4795	1
4178	4795	1
2124	4795	1
399	4795	1
6733	6949	1
1573	6949	1
4667	6949	1
1212	6949	1
6446	891	1
5144	891	1
1814	891	1
7534	891	1
6194	891	1
622	5992	1
7864	5992	1
3077	5992	1
4890	7209	1
789	7209	1
6828	7209	1
7097	7723	1
141	7723	1
400	7723	1
4659	7723	1
4914	7723	1
3198	7723	1
4050	7723	1
2022	4391	1
2440	4391	1
1831	4391	1
4653	4391	1
6292	2608	1
2158	2608	1
6883	2608	1
6677	2229	1
1716	2229	1
4893	2229	1
3308	2229	1
3541	2685	1
3942	2685	1
7096	2685	1
5054	2685	1
2560	2685	1
5978	2961	1
5287	2961	1
4757	2961	1
3873	452	1
3207	452	1
4662	452	1
4414	452	1
7230	3841	1
1096	3841	1
4311	3841	1
991	3292	1
3348	3292	1
6891	3292	1
3743	1194	1
6174	1194	1
251	1194	1
713	1194	1
4871	1194	1
3360	1194	1
3575	1194	1
333	1194	1
1650	1194	1
3754	385	1
5071	385	1
2836	385	1
7101	385	1
2265	385	1
1350	385	1
7434	385	1
3527	5982	1
4905	5982	1
1055	5982	1
6712	1705	1
6862	1705	1
1859	1705	1
1078	1705	1
6286	1705	1
6723	1705	1
4949	1801	1
2205	1801	1
45	1801	1
4988	1801	1
6315	1909	1
143	1909	1
2425	1909	1
5550	1909	1
1088	1909	1
5105	5906	1
1159	5906	1
7286	5906	1
3327	1046	1
3257	1046	1
6980	1046	1
287	659	1
4036	659	1
7250	659	1
1901	659	1
2350	659	1
7221	659	1
3835	7620	1
1836	7620	1
6492	7620	1
6395	4728	1
5945	4728	1
5138	4728	1
5114	4728	1
7182	4728	1
5855	123	1
3815	123	1
4932	123	1
5259	883	1
7103	883	1
5439	883	1
4697	2710	1
2407	2710	1
1927	2710	1
5680	2710	1
2585	3904	1
7684	3904	1
6470	3904	1
3598	2402	1
4156	2402	1
5422	2402	1
5924	2402	1
2269	2402	1
6523	2494	1
99	2494	1
4154	2494	1
2395	2494	1
7081	2494	1
4263	2494	1
3907	7178	1
7452	7178	1
7394	7178	1
3809	1734	1
916	1734	1
7035	1734	1
2580	805	1
6906	805	1
1282	805	1
5418	1395	1
3470	1395	1
354	1395	1
4026	3745	1
1621	3745	1
6737	3745	1
2612	3745	1
5965	3745	1
2312	378	1
3735	378	1
4420	378	1
2086	378	1
3983	378	1
2997	378	1
5756	4116	1
3305	4116	1
3096	4116	1
2146	2514	1
3764	2514	1
453	2514	1
4952	6459	1
1833	6459	1
1802	6459	1
1114	3161	1
5003	3161	1
61	3161	1
4620	3161	1
7141	3161	1
7139	3161	1
2270	3161	1
734	3161	1
6322	3161	1
2152	6400	1
7055	6400	1
5212	6400	1
7517	6400	1
1017	6450	1
1663	6450	1
1827	6450	1
5744	6450	1
110	3940	1
1205	3940	1
4513	3940	1
225	536	1
6925	536	1
4303	536	1
512	7494	1
3028	7494	1
3389	7494	1
4366	7494	1
7824	6835	1
6976	6835	1
336	6835	1
2927	7581	1
6858	7581	1
413	7581	1
2061	7581	1
4816	4308	1
6805	4308	1
3000	4308	1
3879	2040	1
4502	2040	1
334	2040	1
3670	5760	1
5748	5760	1
3950	5760	1
679	4275	1
4693	4275	1
3546	4275	1
6388	767	1
1066	767	1
4997	767	1
3989	5260	1
4673	5260	1
2814	5260	1
3384	5260	1
1954	5260	1
7481	5260	1
2694	3897	1
749	3897	1
1885	3897	1
352	3596	1
1471	3596	1
4777	3596	1
5335	711	1
7868	711	1
4049	711	1
6522	375	1
6601	375	1
7738	375	1
5292	528	1
1807	528	1
3963	528	1
255	4601	1
4963	4601	1
294	4601	1
3831	4601	1
971	716	1
773	716	1
610	716	1
1070	7518	1
2293	7518	1
5294	7518	1
234	7518	1
3741	5629	1
1333	5629	1
3833	5629	1
1998	2260	1
1510	2260	1
1706	2260	1
1218	2260	1
3400	183	1
7438	183	1
5219	183	1
7008	1555	1
524	1555	1
6270	1555	1
3845	1555	1
2477	7144	1
3023	7144	1
1439	7144	1
5768	5221	1
3428	5221	1
7556	5221	1
2548	5221	1
6662	5221	1
7060	1588	1
3321	1588	1
1390	1588	1
7229	5563	1
1403	5563	1
1702	5563	1
3590	2272	1
1022	2272	1
4208	2272	1
5055	6612	1
5051	6612	1
5910	6612	1
2063	6612	1
1003	6612	1
2777	5939	1
5487	5939	1
107	5939	1
1151	1917	1
3827	1917	1
1249	1917	1
2990	6634	1
858	6634	1
2768	6634	1
405	6434	1
3186	6434	1
6718	6434	1
6568	6783	1
6808	6783	1
6775	6783	1
6776	5097	1
2354	5097	1
1963	5097	1
4174	7217	1
4901	7217	1
2656	7217	1
3014	1907	1
928	1907	1
5016	1907	1
6393	4007	1
4673	4007	1
2619	4007	1
6367	4213	1
597	4213	1
6562	4213	1
6055	4213	1
4581	4213	1
7023	810	1
727	810	1
2026	810	1
1300	2749	1
6669	2749	1
414	2749	1
3029	7847	1
6267	7847	1
2131	7847	1
2235	7685	1
5976	7685	1
890	7685	1
1397	6324	1
5770	6324	1
5738	6324	1
6977	6324	1
6313	5869	1
2973	5869	1
3744	5869	1
4260	5869	1
7408	2383	1
4201	2383	1
4269	2383	1
7823	7406	1
6242	7406	1
2178	7406	1
3002	1455	1
6238	1455	1
298	1455	1
5930	2115	1
5986	2115	1
3102	2115	1
167	5340	1
2559	5340	1
2776	5340	1
2279	7857	1
2678	7857	1
5955	7857	1
2250	4538	1
7563	4538	1
4204	4538	1
7573	7232	1
802	7232	1
3988	7232	1
4211	7232	1
7513	4294	1
686	4294	1
6772	4294	1
2661	4294	1
3574	3385	1
3945	3385	1
5690	3385	1
3033	3385	1
540	3385	1
4938	3385	1
2759	892	1
4916	892	1
2586	892	1
6706	1698	1
866	1698	1
2228	1698	1
5922	697	1
2192	697	1
4466	697	1
4796	6026	1
4524	6026	1
5313	6026	1
6676	4908	1
2782	4908	1
2621	4908	1
3671	1053	0
3765	1053	0
4686	1053	0
5505	1053	0
3103	1053	0
4606	1053	0
1975	1053	0
5113	1053	0
1053	2727	0
6915	2727	0
5813	2727	0
1193	2727	0
2516	2727	0
1091	2727	0
5518	2727	0
1077	2727	0
745	2727	0
504	2727	0
5255	2727	0
4135	2727	0
7829	2727	0
4232	2727	0
3193	2727	0
397	2727	0
3331	2727	0
2536	2727	0
4917	2727	0
6268	2727	0
6704	2727	0
3609	1436	0
4182	1436	0
4194	1436	0
3693	1436	0
4072	1436	0
3518	1436	0
6493	1436	0
1377	6956	0
2549	6956	0
4661	6956	0
6578	6956	0
7175	6956	0
4586	6956	0
2074	6956	0
2384	6956	0
6454	6956	0
236	2270	0
7570	2270	0
5342	2270	0
4457	2270	0
1037	2270	0
796	2270	0
267	2270	0
5246	2270	0
5916	2270	0
3891	2270	0
1171	2270	0
4520	2270	0
3066	2270	0
3882	2270	0
6123	2270	0
4025	2270	0
6994	2270	0
3749	4080	0
3267	4080	0
1373	4080	0
1907	4080	0
250	4080	0
4133	4080	0
1441	4080	0
5940	4080	0
1336	4080	0
479	4080	0
428	4080	0
1973	4080	0
4527	4080	0
7499	4080	0
6557	4080	0
3551	3161	0
1024	3161	0
1691	3161	0
1959	3161	0
6786	3161	0
3526	3161	0
3824	3161	0
6467	3161	0
3201	3161	0
4616	3161	0
51	3161	0
1120	3161	0
172	3161	0
2181	3161	0
6609	3161	0
1818	3161	0
6699	3161	0
2058	3161	0
7545	3161	0
6296	3161	0
6133	3161	0
5872	3161	0
2173	3161	0
1934	3161	0
156	3161	0
634	3161	0
1782	3161	0
861	3161	0
4261	4299	0
329	6966	0
4529	6966	0
1541	3578	0
4945	3578	0
4848	3578	0
6536	3578	0
1657	3578	0
1062	3578	0
2181	3738	0
5833	3738	0
4566	3738	0
4974	3738	0
7291	3738	0
3562	3738	0
1576	3738	0
3551	3738	0
4396	3738	0
4026	4076	0
6013	2180	0
438	5879	0
5706	5879	0
776	5879	0
7548	5879	0
1590	5879	0
5421	1033	0
5087	1033	0
7769	1033	0
6713	1033	0
82	1033	0
6714	1033	0
5679	1033	0
4765	1033	0
1232	7012	0
2847	6310	0
6695	2766	0
6711	2766	0
6391	2766	0
2931	2766	0
3333	2766	0
4432	2766	0
6464	2766	0
7809	2766	0
923	2766	0
607	2766	0
2189	2766	0
2424	2766	0
1355	2766	0
6078	2766	0
5	2766	0
5527	2766	0
491	2766	0
6265	2766	0
1269	2766	0
594	2766	0
2633	2766	0
2102	2766	0
2336	2229	0
2873	2229	0
3344	2229	0
2182	5760	0
2961	5760	0
6873	5760	0
875	5760	0
6821	5760	0
4547	5760	0
967	2243	0
2611	2243	0
4293	2243	0
4792	2243	0
369	2243	0
4846	2243	0
322	2243	0
770	2243	0
186	2243	0
2059	2243	0
6088	2243	0
2981	2243	0
4888	2243	0
1907	2243	0
7539	2243	0
3304	2243	0
4338	2243	0
2176	2243	0
2848	2243	0
4389	2243	0
4271	2243	0
4159	2243	0
6057	2243	0
6911	2243	0
1233	2243	0
4827	2243	0
5961	2243	0
5153	877	0
1375	877	0
6975	877	0
1488	877	0
4477	877	0
2616	1180	0
361	6403	0
2383	6403	0
5322	6403	0
388	6403	0
4008	6403	0
6209	6403	0
7030	6403	0
113	6403	0
4454	6403	0
5086	6403	0
3108	6403	0
7637	6403	0
3443	6403	0
6526	6403	0
7089	6403	0
7695	6403	0
1164	6403	0
6306	6403	0
2155	6403	0
2180	6403	0
4906	6403	0
316	5736	0
1787	5736	0
7430	5736	0
7840	5736	0
3288	5736	0
1195	5736	0
238	5736	0
2072	5736	0
519	5736	0
770	5736	0
5736	1345	0
4994	4054	0
1000	4054	0
1419	4054	0
4907	6730	0
5087	6730	0
3150	6730	0
5679	4531	0
4872	3768	0
6186	3768	0
4434	4213	0
2157	4213	0
1244	4213	0
2837	4213	0
1284	4213	0
7607	4213	0
4884	4213	0
5639	4213	0
5156	4213	0
4577	4213	0
1907	5281	0
5599	5281	0
1565	3187	0
2388	5179	0
6687	5179	0
1464	5179	0
4830	5179	0
3259	1683	0
6200	3996	0
7326	3996	0
27	3996	0
3914	3996	0
3278	3996	0
2173	3996	0
6777	3996	0
6465	3996	0
5723	256	0
3577	256	0
4461	256	0
6935	256	0
4235	256	0
5043	256	0
4537	256	0
3745	256	0
6288	256	0
4864	256	0
291	256	0
6671	256	0
6235	256	0
7839	256	0
5366	7195	0
2215	7195	0
3059	7195	0
2576	7195	0
7800	7195	0
6084	7195	0
7772	7195	0
990	7195	0
5794	7195	0
5731	7195	0
7520	7195	0
7571	7195	0
4900	7195	0
5564	7195	0
829	7195	0
2509	7195	0
1009	7195	0
645	7195	0
312	7195	0
3118	7195	0
4162	7195	0
6754	7195	0
465	7195	0
6359	7195	0
7712	7195	0
1139	7195	0
1922	7195	0
4319	7195	0
2894	7195	0
5974	7195	0
5350	7195	0
1258	7195	0
1404	7195	0
5127	7195	0
7664	7195	0
1609	7195	0
3932	7195	0
65	7079	0
1693	2739	0
4642	6072	0
3937	4970	0
4644	4970	0
7143	4970	0
2623	4970	0
7215	4970	0
2214	4970	0
2012	4970	0
4421	4970	0
6211	4970	0
89	4970	0
1479	4970	0
1684	4970	0
6661	4970	0
1447	4970	0
3176	1453	0
6778	1453	0
3430	1453	0
5697	1453	0
5678	1453	0
4370	4955	0
3817	4955	0
2630	4955	0
1583	5424	0
3612	5424	0
3652	5424	0
2884	3606	0
5031	3606	0
2541	3606	0
6068	3606	0
7272	3606	0
2671	1080	0
2127	1080	0
4624	1080	0
7641	1080	0
6739	1080	0
6373	1080	0
2195	1080	0
5821	1080	0
710	1080	0
1032	1080	0
7070	1080	0
11	1080	0
3161	5764	0
2746	3582	0
4654	3582	0
3648	3582	0
282	3582	0
1602	3582	0
7374	3582	0
4158	3582	0
6144	3582	0
4085	3582	0
2832	3582	0
3819	3582	0
2687	3582	0
6984	3582	0
1486	3582	0
3828	3582	0
7492	3582	0
5379	3582	0
7263	3582	0
3437	3582	0
6022	3582	0
2856	3582	0
2930	3582	0
3997	3582	0
2610	3582	0
695	3582	0
303	7870	0
7471	1223	0
551	4809	0
6461	3742	0
3666	3639	0
6136	3639	0
7068	3639	0
2034	3639	0
5365	3639	0
7364	3639	0
1945	3639	0
1149	3639	0
1429	3639	0
2394	3639	0
4464	3639	0
2084	3639	0
3877	3639	0
5532	3639	0
7830	3639	0
265	3639	0
2450	3639	0
6037	3639	0
1943	3639	0
1558	3639	0
6989	3639	0
6719	5797	0
7840	5797	0
5736	5797	0
6933	5797	0
5199	5797	0
6140	5797	0
6547	5797	0
2828	5797	0
2664	5797	0
4573	5797	0
6082	5797	0
2778	5797	0
2326	1502	0
3766	1502	0
1678	1502	0
1528	1502	0
5632	1502	0
7145	1502	0
7267	1502	0
1315	1502	0
5997	1502	0
423	1502	0
3677	1502	0
326	1502	0
4186	1502	0
492	1502	0
2113	1502	0
3410	1502	0
7162	1502	0
21	1502	0
2007	1502	0
3723	1502	0
6401	1502	0
7257	1502	0
3964	1502	0
2468	1502	0
7360	1502	0
830	1502	0
1457	2897	0
5909	2897	0
4289	2897	0
5442	2897	0
2989	2897	0
5864	2897	0
1806	2897	0
1693	2897	0
1605	508	0
1715	508	0
5362	508	0
6770	508	0
3768	508	0
7493	508	0
7461	508	0
1992	508	0
2414	508	0
2845	508	0
3753	6749	0
791	6749	0
2286	6749	0
3636	6749	0
1033	1529	0
6200	1529	0
3824	1529	0
5879	1529	0
5394	1529	0
7384	4634	0
1306	4634	0
6930	4634	0
7094	4634	0
7038	4634	0
5783	3899	0
5052	3899	0
4804	3899	0
7489	3899	0
7298	3899	0
190	3899	0
420	3899	0
5987	3899	0
4064	3899	0
631	3899	0
3159	3899	0
5934	3899	0
5458	3899	0
1310	3899	0
1837	3899	0
7054	3899	0
3981	3899	0
2866	3899	0
601	3899	0
7402	3899	0
6576	3899	0
360	3899	0
358	3899	0
1887	3899	0
2198	3899	0
7354	3899	0
6230	3899	0
7516	3899	0
4164	3899	0
125	3899	0
3236	3899	0
6217	3899	0
4095	3899	0
7819	3899	0
2634	3899	0
5590	3899	0
4438	3899	0
7839	6950	0
1044	6950	0
5884	6950	0
4141	3616	0
833	6331	0
1565	2051	0
5235	2051	0
4419	4799	0
3081	2344	0
2485	2344	0
7709	2344	0
4554	2344	0
5289	2344	0
1902	2344	0
4910	2344	0
4769	4323	0
7239	4323	0
3099	4323	0
7371	4323	0
3610	1709	0
96	3714	0
2553	3714	0
1116	3714	0
70	3714	0
6660	6426	0
1290	6426	0
403	6426	0
5090	2004	0
1485	2004	0
7582	2004	0
7460	2004	0
1700	2004	0
7810	2004	0
5818	2004	0
5334	2004	0
6192	2004	0
2713	2004	0
4090	2004	0
7205	2004	0
7009	2004	0
4165	2004	0
3387	2004	0
2467	2004	0
7210	2004	0
7826	2004	0
3293	2004	0
2907	2004	0
5808	2004	0
895	2004	0
2175	2004	0
340	2004	0
5136	2004	0
337	2004	0
1273	2004	0
5305	2004	0
240	2514	0
5670	2514	0
3258	2514	0
429	2514	0
7068	2514	0
3247	2514	0
6573	2514	0
48	2514	0
2248	2514	0
566	2514	0
7358	2514	0
1311	2514	0
7731	2514	0
7304	2514	0
5587	2514	0
7080	2514	0
5225	2514	0
20	2514	0
2558	2514	0
4037	2514	0
1203	2514	0
4535	2514	0
5878	2514	0
114	2514	0
5977	2514	0
840	2514	0
4123	2514	0
3957	2514	0
2916	2514	0
6346	2514	0
3398	2514	0
1696	2514	0
4783	2514	0
1557	2514	0
214	2514	0
5191	2514	0
2639	2514	0
7410	2514	0
2400	2514	0
5956	2514	0
670	2514	0
4107	2514	0
6381	2514	0
4856	2514	0
7748	2514	0
700	2514	0
5608	2514	0
6852	2514	0
980	2514	0
6158	2514	0
3441	2514	0
7525	2514	0
7253	2514	0
2188	2514	0
4959	2514	0
2165	2514	0
3649	2514	0
1405	1804	0
4252	685	0
7079	685	0
976	378	0
1109	378	0
4407	378	0
6589	378	0
1344	378	0
2512	378	0
7599	378	0
4488	378	0
4350	378	0
5332	378	0
6076	378	0
6898	378	0
3144	378	0
6146	378	0
5713	378	0
927	378	0
6829	378	0
3888	378	0
3280	378	0
2514	378	0
378	5861	0
1895	5861	0
527	6329	0
6197	6329	0
1864	6329	0
5679	6329	0
5084	6329	0
4387	6329	0
2049	6329	0
3154	6329	0
2667	6329	0
3164	6329	0
3375	6329	0
5631	6329	0
2135	6329	0
3172	6329	0
3354	7309	0
3194	7309	0
4549	7309	0
4933	7309	0
2760	7309	0
3887	7309	0
1658	7309	0
6187	7309	0
228	7309	0
1512	7309	0
7232	4185	0
3841	4185	0
3215	6140	0
4558	6140	0
2153	6140	0
929	6140	0
2016	6140	0
4726	6140	0
7419	6140	0
7719	6140	0
4633	6140	0
7184	6140	0
6341	6140	0
5007	6140	0
1674	2031	0
5765	2031	0
6824	2031	0
6820	2031	0
5732	2031	0
2196	2031	0
6089	2031	0
3323	1811	0
7586	1811	0
2351	1811	0
5308	1811	0
4517	1811	0
2246	1811	0
2574	1811	0
5637	1565	0
1294	1565	0
962	1565	0
6908	1565	0
158	1565	0
5669	1565	0
3481	1565	0
4053	1565	0
3760	1565	0
2804	1565	0
5740	1565	0
5306	1565	0
4409	1565	0
4562	1565	0
3675	1565	0
4523	5425	0
6853	123	0
1461	123	0
13	123	0
5271	123	0
5015	123	0
3415	123	0
5597	123	0
6647	123	0
3661	123	0
2733	123	0
6294	123	0
7042	7783	0
4994	4710	0
7723	5708	0
930	2786	0
6092	2786	0
1425	2786	0
482	2786	0
613	2786	0
7758	2786	0
4924	2786	0
1144	2786	0
2187	2786	0
4393	2786	0
1256	2786	0
5185	2786	0
612	1584	0
4026	1584	0
6859	1555	0
3917	1555	0
7702	1555	0
3467	1555	0
308	1555	0
5548	1555	0
6466	1555	0
6077	1555	0
2723	1555	0
7128	1555	0
6360	1555	0
3436	68	0
87	68	0
872	68	0
5460	68	0
2702	68	0
2227	68	0
3497	68	0
973	68	0
7790	5254	0
307	2490	0
7687	7135	0
6089	7207	0
2331	4479	0
5343	4479	0
7462	4479	0
6356	4479	0
1321	4479	0
819	4479	0
2367	4479	0
3289	4479	0
7413	4479	0
7704	4479	0
1693	4479	0
5621	4479	0
7562	4479	0
6575	4479	0
3210	4479	0
4034	4479	0
5309	4479	0
5048	4479	0
5525	4479	0
7454	4479	0
9	1139	0
2090	1139	0
6916	1139	0
5588	1139	0
1530	1139	0
1041	1139	0
5544	1139	0
4181	1139	0
3020	1139	0
8	1139	0
6489	5950	0
7159	5950	0
3094	6786	0
4274	6786	0
6978	2849	0
6564	2849	0
3307	2849	0
7154	7217	0
5554	7217	0
1913	7217	0
7125	7217	0
4206	7217	0
7837	7217	0
6075	7217	0
2198	1266	0
3523	1266	0
2703	1266	0
2168	1266	0
42	1266	0
6688	1266	0
4317	1266	0
2278	1266	0
1262	1266	0
2631	1266	0
137	1266	0
370	1266	0
4217	1266	0
690	1266	0
2717	1266	0
513	1266	0
2720	1266	0
5883	1266	0
4069	1266	0
6964	1266	0
4621	1266	0
5319	1266	0
5235	2219	0
623	2219	0
7092	2219	0
2565	2219	0
6159	2219	0
2499	2219	0
3944	2219	0
7678	2219	0
3633	2219	0
3710	2219	0
6374	2219	0
1959	7698	0
3738	7698	0
4300	5882	0
3550	5882	0
7226	944	0
7717	944	0
7582	944	0
1193	5749	0
6606	5749	0
2917	5749	0
4771	5749	0
1521	3745	0
2093	3745	0
1187	3745	0
3647	3745	0
862	3745	0
6231	3745	0
1766	3745	0
6405	3745	0
7839	3745	0
5834	7314	0
3156	7314	0
1637	7314	0
4245	7314	0
882	7314	0
6751	7314	0
7234	7314	0
2356	7314	0
4449	7314	0
2180	7314	0
6025	7314	0
3067	7314	0
7342	7314	0
1069	7314	0
5372	7314	0
6135	7314	0
1639	7314	0
3848	7314	0
6043	7314	0
2346	7314	0
6481	7314	0
4400	7314	0
4055	7314	0
173	7314	0
5968	7314	0
77	7314	0
2934	7314	0
2771	7314	0
223	7314	0
1733	6889	0
7560	6889	0
6421	403	0
5072	403	0
6865	403	0
3448	403	0
5993	403	0
3715	403	0
578	403	0
2566	403	0
7068	403	0
5570	403	0
2117	3338	0
7815	3338	0
3943	3338	0
7625	4770	0
329	754	0
5161	754	0
6552	5477	0
4552	6725	0
6432	4957	0
4007	1445	0
243	1445	0
6789	1445	0
77	1445	0
844	7782	0
5895	1777	0
6011	1777	0
4115	1777	0
7860	1777	0
3783	1777	0
2300	1777	0
6796	1777	0
7579	1777	0
2724	1777	0
118	1777	0
5349	1777	0
1031	1777	0
6343	1777	0
7462	1791	0
1035	1791	0
772	1791	0
285	1791	0
3659	1791	0
3289	1791	0
2302	1791	0
883	3940	0
1903	3940	0
5697	3940	0
5766	3940	0
6099	3940	0
547	3940	0
5401	3940	0
3152	3940	0
6359	3940	0
3112	3940	0
4810	3940	0
2870	3940	0
1443	3940	0
4193	3940	0
2532	3940	0
1551	3940	0
2410	3940	0
7366	3940	0
7308	3940	0
5586	3940	0
3036	3940	0
6476	1045	0
6908	1045	0
1565	1045	0
4032	1045	0
7574	6210	0
2041	6210	0
5017	6210	0
6201	6210	0
5941	6210	0
5583	6210	0
6855	6210	0
136	6210	0
6309	6210	0
241	6210	0
466	7552	0
4643	7552	0
8	6432	0
7299	6432	0
5789	6432	0
1865	6432	0
6428	6432	0
637	6432	0
6176	6432	0
1279	6432	0
2576	6432	0
3731	6432	0
6892	6432	0
7544	6432	0
5633	6432	0
5374	6432	0
3020	6432	0
7412	6432	0
366	6432	0
2280	6432	0
4091	767	0
443	767	0
4430	767	0
529	767	0
1147	767	0
235	767	0
1272	767	0
5085	767	0
1142	767	0
7543	767	0
3992	767	0
7109	767	0
7546	767	0
5578	767	0
6145	767	0
5148	767	0
606	767	0
5839	767	0
1433	767	0
4339	767	0
7044	767	0
2644	767	0
1224	767	0
5628	767	0
4982	767	0
5687	767	0
3222	767	0
7555	767	0
4282	767	0
704	767	0
1569	767	0
2701	767	0
669	767	0
2324	767	0
6532	767	0
1165	767	0
2650	767	0
7142	1133	0
1100	1133	0
1006	1133	0
3250	1133	0
908	1133	0
6477	1133	0
2562	1133	0
1341	6089	0
3404	6089	0
3322	6089	0
2756	6089	0
4536	6089	0
2188	6089	0
4747	6089	0
3336	6089	0
5329	6089	0
980	6089	0
5592	6089	0
6404	6089	0
7363	6089	0
6956	4312	0
4176	7218	0
7464	7218	0
2154	2484	0
3482	2484	0
3522	2484	0
1809	2484	0
617	2484	0
3796	2484	0
1587	2484	0
382	2484	0
6087	2484	0
4480	2484	0
2978	2484	0
6729	2484	0
676	2484	0
5669	2484	0
851	2484	0
661	2484	0
237	2484	0
364	2484	0
6478	2484	0
1890	2484	0
4847	2484	0
6468	2484	0
5653	2484	0
2160	2484	0
1577	2484	0
2791	2484	0
5771	2484	0
1507	2484	0
6892	2484	0
5227	2484	0
6744	2484	0
1699	2484	0
5374	2484	0
6120	2484	0
3650	2484	0
6423	2484	0
6202	2484	0
2079	2484	0
817	2484	0
2391	2484	0
2929	2484	0
49	2484	0
637	2484	0
5412	2484	0
4557	2484	0
2252	2484	0
4138	2484	0
5519	2484	0
4939	2484	0
261	2484	0
4108	2484	0
1778	2484	0
5402	2611	0
6947	2611	0
644	2611	0
3294	2611	0
477	2611	0
1514	183	0
1736	183	0
2357	183	0
2378	183	0
3396	183	0
5991	183	0
7528	183	0
3779	183	0
2882	183	0
5178	183	0
4364	183	0
4362	183	0
7357	183	0
7269	183	0
4486	183	0
1376	183	0
3620	183	0
6886	183	0
6337	183	0
4151	183	0
702	183	0
7593	183	0
1758	183	0
6191	183	0
7112	183	0
3092	2499	0
83	1031	0
3061	1031	0
558	1031	0
2623	1031	0
7860	1031	0
2082	1031	0
4707	1031	0
3382	1031	0
2724	1031	0
5349	1031	0
7268	1031	0
7448	1031	0
3281	1031	0
2603	1031	0
4287	1031	0
2332	5112	0
10	3453	0
4013	3453	0
1870	3453	0
5630	3453	0
4902	3453	0
1264	3453	0
2289	1097	0
6998	5629	0
7547	5629	0
312	5629	0
6510	5629	0
1454	5629	0
5747	5629	0
5097	5327	0
243	7565	0
674	4696	0
4888	4696	0
1660	4696	0
803	4696	0
5679	4696	0
6044	4696	0
2454	5966	0
5239	5966	0
5436	5558	0
913	5558	0
3736	5558	0
7194	5558	0
692	5558	0
6116	5558	0
4744	5558	0
1647	5558	0
6957	5558	0
1597	5558	0
6323	5558	0
3960	5558	0
3449	5558	0
3432	5558	0
5983	5558	0
5681	5558	0
307	2443	0
5214	5992	0
2231	5992	0
2546	5992	0
2553	5992	0
384	7617	0
4285	7617	0
6642	7617	0
7322	7617	0
6305	3352	0
1455	6825	0
31	5512	0
6643	5512	0
1597	5512	0
2083	1779	0
3544	1410	0
3698	4753	0
2028	4753	0
1806	4753	0
1730	4753	0
1731	4753	0
3824	4753	0
4561	4753	0
5316	4753	0
6752	4753	0
5856	4753	0
595	4753	0
941	4753	0
4450	4753	0
3008	4753	0
1163	4753	0
3636	4753	0
7763	4753	0
3832	4753	0
7705	4753	0
1589	3283	0
478	3283	0
4307	3283	0
2921	3283	0
6506	3283	0
3918	3283	0
4078	3283	0
4065	3283	0
7650	3283	0
2433	3283	0
4253	3283	0
1287	3283	0
4582	3283	0
5162	3283	0
3790	3283	0
3926	3283	0
5253	1465	0
5162	1465	0
478	1465	0
4307	1465	0
2921	1465	0
2294	1465	0
4078	1465	0
7650	1465	0
4253	1465	0
6234	1465	0
4582	1465	0
3790	1465	0
1898	1465	0
5369	4728	0
4045	3512	0
5436	4793	0
4066	4793	0
6107	4793	0
5741	4793	0
2663	4793	0
2811	4793	0
2097	4793	0
4475	4793	0
4716	4793	0
4743	6305	0
2682	6305	0
220	6305	0
205	6305	0
4093	6305	0
1273	6305	0
2551	6305	0
604	6305	0
2042	6305	0
4721	6305	0
3556	6305	0
2379	6305	0
2631	6305	0
347	6305	0
7655	6305	0
7608	6305	0
4936	6305	0
7463	6305	0
52	6305	0
551	6631	0
1427	1929	0
2421	1929	0
6085	6699	0
7869	6699	0
2549	6699	0
7155	6699	0
4480	6699	0
676	6699	0
7551	6699	0
7005	6699	0
3201	6699	0
4202	2087	0
6893	2087	0
5774	2087	0
5082	2087	0
156	2087	0
634	2087	0
1782	2087	0
3201	2087	0
4616	2087	0
51	2087	0
1540	2087	0
3380	4642	0
2305	4642	0
335	4642	0
5524	5851	0
4481	5851	0
1230	5851	0
3506	5851	0
517	5851	0
6857	5851	0
1538	5851	0
3771	5851	0
827	5851	0
6208	7805	0
653	7805	0
1431	7805	0
1175	7805	0
7017	7805	0
6845	7805	0
6550	7805	0
5376	7805	0
174	7805	0
7455	7805	0
3132	7805	0
3643	7805	0
7468	7805	0
7590	1518	0
5028	1518	0
7248	1518	0
4565	1518	0
1556	4143	0
2582	4143	0
6898	4143	0
7630	4143	0
4240	4143	0
2662	4143	0
7227	4591	0
4909	4591	0
5746	4591	0
4647	4591	0
4113	4935	0
7060	4935	0
7424	4935	0
4221	4935	0
5450	781	0
3091	781	0
6763	781	0
5121	781	0
6793	781	0
312	781	0
4835	781	0
6163	781	0
742	781	0
5919	781	0
936	781	0
7685	781	0
5599	6842	0
6267	3866	0
891	2352	0
6432	2352	0
2427	3377	0
5126	4539	0
4651	4539	0
7532	4539	0
7285	4539	0
5558	1275	0
6276	4994	0
7732	4994	0
1257	459	0
2071	459	0
6106	459	0
5390	459	0
3052	459	0
5403	459	0
957	459	0
655	459	0
2705	459	0
7084	459	0
7321	459	0
768	459	0
389	459	0
242	459	0
3034	459	0
269	459	0
6027	459	0
2788	459	0
1908	459	0
3211	1401	0
4639	5431	0
6554	5431	0
3031	5431	0
7664	5431	0
7533	5431	0
6731	5431	0
4495	4954	0
4704	1008	0
4472	1008	0
6597	1008	0
5943	1008	0
1505	1008	0
6479	1008	0
2738	1008	0
4809	1008	0
3606	693	0
1788	693	0
1878	7658	0
1592	7658	0
1723	7658	0
7582	7658	0
312	7658	0
925	7658	0
5715	329	0
3260	329	0
3510	329	0
1416	329	0
7844	329	0
5179	329	0
6667	329	0
2253	329	0
5427	329	0
6672	329	0
6438	329	0
2296	329	0
4511	329	0
3876	329	0
7010	329	0
3012	329	0
264	329	0
7087	329	0
2596	329	0
3458	329	0
2167	329	0
1935	329	0
7296	1549	0
77	1549	0
3214	1795	0
1402	5382	0
138	5382	0
844	5382	0
139	5382	0
944	5304	0
4141	7530	0
4014	4929	0
981	4929	0
3101	1164	0
2402	1164	0
2339	1164	0
4033	1164	0
4930	1164	0
7742	1164	0
998	1164	0
6658	1164	0
4953	1164	0
7578	1164	0
7813	1164	0
563	1164	0
5490	1164	0
6429	1164	0
6894	1164	0
6611	1164	0
3465	1164	0
2617	1164	0
5337	1164	0
879	1164	0
3767	1164	0
5806	1164	0
7133	7094	0
7224	7094	0
6896	7094	0
518	7094	0
4960	7094	0
2486	7094	0
7236	7094	0
272	7094	0
4381	7094	0
2287	7094	0
4446	7094	0
870	7094	0
4010	7094	0
7491	7094	0
3899	7094	0
6599	7094	0
4915	7094	0
2445	7094	0
6016	7094	0
1038	7094	0
104	4117	0
2457	4117	0
2021	4117	0
5173	4117	0
5543	4117	0
1411	4117	0
757	4117	0
1729	4117	0
7431	4117	0
5204	6358	0
7669	6358	0
4248	6358	0
338	6358	0
1679	6358	0
1012	6358	0
5206	6358	0
6471	6358	0
7842	6358	0
1810	6358	0
5193	6358	0
5169	6358	0
4918	6358	0
3073	6358	0
1308	6358	0
3270	6358	0
2223	6358	0
7756	6358	0
5455	6358	0
1058	6358	0
2544	6358	0
3515	6358	0
1170	6358	0
6205	6358	0
445	6358	0
559	6358	0
6008	6358	0
4192	6358	0
2844	6358	0
5005	6358	0
2626	1534	0
4403	1534	0
6901	1534	0
3942	7019	0
4401	7019	0
3507	7019	0
1444	7019	0
5161	2036	0
5871	644	0
5822	5811	0
6070	5811	0
7679	6835	0
2003	6835	0
3728	6835	0
4801	6835	0
972	6835	0
4750	6835	0
6079	6835	0
4967	6835	0
5356	6835	0
590	1379	0
6325	1379	0
6767	1379	0
270	1379	0
5445	1379	0
1223	1379	0
2842	1379	0
6546	1379	0
5622	1379	0
2276	1379	0
2352	1379	0
5363	1379	0
2171	1379	0
5307	1379	0
869	1379	0
2828	1379	0
3922	5263	0
3820	5263	0
4867	5263	0
2570	5263	0
2403	5263	0
2874	5263	0
7027	5263	0
1524	5263	0
349	5263	0
2592	5263	0
5315	2101	0
3332	2101	0
1337	2101	0
5416	2101	0
2649	2101	0
3683	2101	0
7096	3921	0
2062	129	0
4619	129	0
3862	129	0
2383	5322	0
4118	5322	0
6938	5322	0
2677	4795	0
2321	4795	0
715	4795	0
5467	4795	0
7566	910	0
6840	910	0
5649	910	0
4822	910	0
2514	910	0
4648	910	0
4920	910	0
6355	910	0
5961	910	0
2335	910	0
2940	910	0
3048	910	0
1725	3092	0
5979	3092	0
779	3092	0
7614	3092	0
6123	3092	0
6966	3092	0
2247	3092	0
5314	3092	0
1560	6863	0
1693	6224	0
7437	2553	0
893	2553	0
6905	2553	0
1667	2553	0
4439	2553	0
5226	2553	0
1229	2553	0
3383	2553	0
2255	2553	0
1635	2553	0
2561	2553	0
1506	2553	0
4807	2553	0
1185	2553	0
4494	2553	0
5223	2553	0
4946	2553	0
1398	2553	0
5971	2553	0
1594	2553	0
3654	2553	0
4903	2553	0
2434	2553	0
4859	2553	0
5890	2553	0
2218	2553	0
6279	2553	0
290	2553	0
2843	2553	0
907	2553	0
5143	2553	0
503	2553	0
6448	7850	0
3881	3716	0
1754	6574	0
1924	6574	0
7317	6574	0
4717	6574	0
3271	6574	0
5130	3572	0
7079	3572	0
2081	3385	0
4351	518	0
5091	518	0
5098	518	0
2974	518	0
2473	518	0
4829	518	0
6316	518	0
4913	518	0
3234	518	0
2716	518	0
3196	518	0
1844	518	0
7612	518	0
4509	518	0
3613	7378	0
5542	7378	0
1937	7378	0
7541	7378	0
5611	7378	0
3948	7378	0
2200	7378	0
5689	7378	0
6167	277	0
3836	277	0
1143	277	0
2869	1734	0
820	1734	0
5182	1734	0
7626	1734	0
2674	1734	0
1670	1734	0
4947	7795	0
4202	7795	0
2199	7795	0
3122	7795	0
2539	3804	0
390	3804	0
5256	3804	0
6451	3804	0
7064	3804	0
6125	3804	0
78	3804	0
7661	7181	0
1707	1714	0
419	1714	0
1487	1714	0
6443	1714	0
4163	1714	0
2065	1714	0
5907	1714	0
3699	528	0
6771	528	0
3220	528	0
6708	528	0
1167	5260	0
463	5260	0
6006	5260	0
1522	5260	0
7568	5260	0
5315	5260	0
2835	5260	0
4508	5260	0
411	5260	0
5619	5260	0
3605	5260	0
3071	5260	0
6519	5260	0
7136	5260	0
3091	5260	0
2799	5260	0
34	5260	0
74	5260	0
6029	5260	0
3932	5260	0
7793	5260	0
4070	5260	0
2327	5260	0
1724	4529	0
1826	4529	0
6563	4529	0
7847	4529	0
4993	4529	0
3639	4460	0
912	5006	0
7707	5006	0
7058	7347	0
1438	7347	0
1886	7347	0
2748	7347	0
1130	7347	0
6585	7347	0
2985	7347	0
5635	7347	0
7395	7347	0
1647	6957	0
3419	6957	0
4042	6957	0
3736	6957	0
7194	6957	0
824	6957	0
3693	6957	0
3004	6957	0
6583	6957	0
5765	6957	0
4197	6957	0
6624	1046	0
3459	1046	0
1393	1046	0
4330	1232	0
7776	1232	0
7146	1232	0
73	1232	0
4388	1232	0
2740	1232	0
1329	1232	0
2579	1232	0
7418	1232	0
40	1232	0
3865	1232	0
4412	1232	0
7314	1232	0
7637	1232	0
6172	1232	0
1639	1232	0
6021	1232	0
485	1232	0
7167	6692	0
1652	6692	0
3119	6692	0
6830	6692	0
5311	6692	0
6625	6692	0
1242	6692	0
4213	6692	0
7843	6692	0
4037	6692	0
4831	6692	0
520	6692	0
6841	6692	0
3430	6692	0
6633	6692	0
1916	6692	0
288	6692	0
667	6692	0
2491	6692	0
1138	6692	0
4434	6692	0
2438	6692	0
2837	6692	0
4649	6692	0
2448	7381	0
6211	7381	0
921	7381	0
6103	7381	0
6952	7381	0
2597	7381	0
4146	7381	0
4510	7381	0
1464	7381	0
3644	7381	0
361	7381	0
6394	7381	0
5937	7381	0
6517	7381	0
2429	7381	0
1988	7381	0
688	7381	0
4878	7381	0
3724	7381	0
2823	7381	0
2514	2936	0
994	138	0
7508	138	0
7595	138	0
5191	138	0
1161	138	0
3547	138	0
6479	138	0
4655	138	0
1858	138	0
844	138	0
1389	307	0
5317	307	0
6908	307	0
5099	307	0
2797	307	0
5095	307	0
2112	307	0
2307	307	0
5623	307	0
7656	307	0
6475	307	0
5153	307	0
371	5872	0
138	5872	0
2514	5872	0
1343	2609	0
6000	2609	0
1654	2609	0
5782	2609	0
1651	2609	0
120	2609	0
1842	2609	0
546	2609	0
1367	2609	0
1353	2609	0
3203	2609	0
5190	2609	0
2484	6501	0
6757	6501	0
3092	6501	0
6172	3789	0
7314	3789	0
1457	2033	0
178	2033	0
6319	2033	0
6108	2033	0
3789	2033	0
6063	2033	0
2064	2033	0
314	2033	0
1947	2033	0
5149	2033	0
4455	2033	0
5299	5157	0
2750	5221	0
4166	5221	0
2318	5221	0
1665	5221	0
1938	5221	0
1928	5221	0
3225	5221	0
1974	5221	0
145	5221	0
6172	7637	0
2015	440	0
3976	2181	0
3551	2181	0
1155	2181	0
3684	2181	0
1904	2181	0
552	2181	0
1112	2181	0
229	2181	0
3084	2181	0
7280	2181	0
2089	2181	0
7013	2181	0
4696	2181	0
7579	2181	0
5757	2181	0
3977	2181	0
2862	2181	0
4450	2181	0
1220	2181	0
1749	2181	0
2459	2181	0
5856	2181	0
5581	2181	0
4974	2181	0
5951	2181	0
6137	2181	0
803	2181	0
3740	2181	0
1325	2181	0
2584	4262	0
5803	4262	0
345	4167	0
323	4167	0
2607	4167	0
7002	4167	0
5642	4167	0
2721	4167	0
4320	4167	0
7501	4167	0
4140	4167	0
4635	4167	0
1688	4167	0
6092	4167	0
3603	4167	0
3525	4167	0
3787	4167	0
7407	353	0
7383	353	0
5538	353	0
7104	353	0
2911	353	0
2898	353	0
3402	353	0
356	353	0
3708	353	0
1339	353	0
5638	353	0
3146	353	0
7427	353	0
4845	353	0
4734	353	0
6457	353	0
3614	353	0
1145	353	0
4559	353	0
3079	353	0
6283	353	0
6715	353	0
4882	353	0
4278	353	0
448	353	0
5026	353	0
6153	353	0
380	353	0
7153	353	0
1661	353	0
3549	353	0
1768	353	0
1036	353	0
4745	353	0
798	353	0
252	353	0
2600	6172	0
4335	6172	0
6178	6172	0
2436	6172	0
4255	6172	0
3894	6172	0
5478	6172	0
1329	6172	0
5364	6172	0
3646	6172	0
7495	6172	0
297	6172	0
3255	6172	0
5760	6172	0
6317	6172	0
2934	6172	0
2446	6172	0
3155	6172	0
4731	6172	0
4735	6172	0
3027	6172	0
1812	6172	0
2273	6172	0
5669	6757	0
3444	6757	0
564	6757	0
3886	6757	0
3399	6757	0
5634	6757	0
661	6757	0
5771	6757	0
5647	6757	0
626	6757	0
3653	6757	0
6120	6757	0
3650	6757	0
2358	6757	0
4660	6757	0
6555	6757	0
2391	6757	0
1260	6757	0
7439	6757	0
4604	6757	0
2538	6757	0
6437	6757	0
2314	636	0
3068	636	0
7601	636	0
1052	636	0
2422	636	0
3991	636	0
3456	636	0
654	636	0
3359	636	0
2859	636	0
7313	636	0
3656	636	0
4687	636	0
1793	636	0
7349	3202	0
2207	3202	0
2583	3202	0
4328	3202	0
1469	3202	0
956	3202	0
6280	3202	0
375	3202	0
6656	3202	0
2790	3202	0
5504	3202	0
3110	3202	0
2905	6657	0
3552	6657	0
24	6657	0
5107	6657	0
864	6657	0
4980	6657	0
7659	6657	0
3012	6657	0
3318	6657	0
2553	6657	0
5686	6657	0
106	6657	0
3320	6657	0
2963	4116	0
4082	4116	0
1760	4116	0
6117	4116	0
5927	4116	0
4994	6164	0
1252	7656	0
6809	7656	0
1418	7656	0
7225	2385	0
3435	2385	0
5369	2385	0
5601	2385	0
5029	2385	0
1351	2385	0
7283	2385	0
188	4755	0
7239	4755	0
3990	4755	0
4540	4755	0
1555	6102	0
5650	1757	0
687	1757	0
416	1757	0
4027	1757	0
4450	1757	0
318	35	0
7685	35	0
493	35	0
6757	596	0
1792	3596	0
1496	3596	0
5616	3596	0
7465	7093	0
4489	7093	0
1368	7093	0
516	7093	0
3010	7093	0
3462	7093	0
6768	7093	0
1499	2812	0
3148	548	0
2534	548	0
5261	2166	0
7014	4216	0
1695	4216	0
5796	4216	0
1502	6259	0
1507	5771	0
844	6343	0
4115	6343	0
3990	6343	0
678	6343	0
5413	6343	0
1360	6343	0
6954	6343	0
7782	6343	0
5540	6343	0
7196	6343	0
3533	6343	0
2933	6343	0
7052	1907	0
2808	1907	0
463	1907	0
3660	1907	0
3288	1907	0
2807	1907	0
6869	1907	0
2194	1907	0
4159	1907	0
6189	1907	0
3098	1907	0
4040	1907	0
4888	1907	0
6527	1907	0
1919	1907	0
7582	1907	0
158	1907	0
7471	1907	0
3071	1907	0
6519	1907	0
5260	1907	0
7862	1907	0
5161	1907	0
4238	1907	0
4615	1907	0
3548	1907	0
3896	1907	0
7264	1907	0
4772	1907	0
4695	1907	0
5692	1907	0
7303	1907	0
5935	7231	0
6193	2202	0
4583	2202	0
6582	2202	0
5192	2202	0
2027	2202	0
2038	2202	0
4733	2202	0
2826	2202	0
7078	2202	0
608	2202	0
1669	2202	0
2825	2202	0
7368	2202	0
3903	9	0
1547	9	0
575	9	0
4591	9	0
6884	9	0
402	9	0
3803	9	0
134	9	0
1680	9	0
1475	9	0
3273	9	0
467	7424	0
475	7424	0
6538	7424	0
1720	3797	0
6951	3797	0
508	698	0
2611	7820	0
3365	1395	0
189	1395	0
4751	1395	0
544	1395	0
6614	1395	0
2950	1395	0
2967	1395	0
7588	1395	0
7235	1395	0
5293	1395	0
2493	1395	0
5952	1395	0
3775	1395	0
4873	1395	0
6505	1395	0
4544	1395	0
6081	1395	0
2665	1395	0
6699	1395	0
2958	6335	0
3939	6335	0
436	6335	0
7157	6335	0
6210	6335	0
3798	1254	0
6309	4922	0
7780	5905	0
5327	5905	0
5097	5905	0
6071	5905	0
3497	5905	0
5932	7724	0
6397	7724	0
3254	7724	0
3706	7724	0
3555	7724	0
3117	7724	0
5660	245	0
1579	245	0
2879	245	0
3679	245	0
79	1304	0
3260	6696	0
2393	6696	0
1502	4786	0
1976	2107	0
2861	375	0
6211	375	0
2597	375	0
6952	375	0
6839	375	0
7831	375	0
3120	375	0
5614	375	0
1548	375	0
2253	375	0
2868	375	0
2941	375	0
408	375	0
1117	375	0
3422	375	0
4685	375	0
6830	375	0
6110	375	0
4171	375	0
2902	375	0
6456	375	0
7628	375	0
5140	375	0
7118	375	0
822	375	0
361	375	0
663	375	0
2077	375	0
4590	375	0
3138	375	0
2383	375	0
6384	375	0
3110	375	0
2002	375	0
500	5776	0
3492	1441	0
428	1441	0
4361	1441	0
5679	1441	0
3931	1441	0
1973	1441	0
589	746	0
707	746	0
395	4506	0
5707	4506	0
7701	4506	0
7188	536	0
6680	536	0
6116	536	0
5061	536	0
2110	883	0
7020	883	0
6659	883	0
206	883	0
585	883	0
792	883	0
393	883	0
4062	883	0
5766	883	0
7660	883	0
1319	883	0
4094	883	0
1284	883	0
5595	883	0
4892	883	0
7849	883	0
782	883	0
7293	883	0
4641	883	0
75	883	0
5599	3148	0
1910	3148	0
2219	7100	0
5863	764	0
691	764	0
484	764	0
3158	764	0
6312	764	0
4167	764	0
1402	764	0
4638	764	0
5044	764	0
1295	7581	0
5434	7581	0
3433	7581	0
6795	7581	0
5975	7581	0
3123	7581	0
6399	7581	0
1021	569	0
7729	569	0
5767	569	0
6502	569	0
7454	569	0
1600	569	0
3745	7745	0
5043	437	0
2383	437	0
4033	437	0
5881	437	0
2148	3860	0
2959	3860	0
7056	6132	0
5069	5868	0
6597	5868	0
6616	5868	0
6623	5868	0
4500	5868	0
1765	5868	0
181	5868	0
4802	5868	0
3372	4475	0
4549	4475	0
5563	4475	0
1712	4475	0
4302	4475	0
728	4872	0
254	4872	0
3041	4872	0
1399	4872	0
6129	4872	0
4525	4872	0
5852	4872	0
331	4872	0
2379	4872	0
3424	4872	0
6887	3128	0
3472	3128	0
3722	3128	0
3660	3128	0
6832	3128	0
7392	1895	0
1847	1895	0
5238	1895	0
5332	1895	0
230	1895	0
7203	1895	0
3581	1895	0
6293	1895	0
226	1895	0
6960	1895	0
3975	1895	0
867	1895	0
6328	1895	0
6782	1895	0
4692	1895	0
6264	1895	0
5960	1895	0
4249	1895	0
6787	1895	0
5347	1895	0
5826	1895	0
1235	1895	0
915	1895	0
6783	2459	0
4872	2459	0
5576	4047	0
2831	4047	0
2004	2719	0
3560	5935	0
7448	5935	0
7706	5935	0
5747	5935	0
7115	5935	0
2375	5935	0
2479	5935	0
4927	5974	0
26	53	0
7847	53	0
7826	4541	0
4213	6793	0
5591	7232	0
248	7232	0
5751	7232	0
3145	7232	0
2008	7232	0
7725	7232	0
4329	7232	0
7836	7232	0
6970	7232	0
1060	7232	0
2708	7232	0
2309	2340	0
2689	2383	0
4017	2383	0
689	2383	0
7048	2383	0
5985	2383	0
5010	2383	0
160	2383	0
3856	2383	0
838	2383	0
2271	2383	0
3265	2383	0
7676	2383	0
7524	2383	0
2094	2383	0
3269	2383	0
3457	2383	0
6379	2383	0
207	2383	0
2334	2383	0
4132	2383	0
1925	2383	0
7480	2383	0
751	2383	0
712	2383	0
7753	2383	0
2662	1858	0
4628	1858	0
7297	1858	0
3115	1858	0
4655	1858	0
2854	1858	0
5021	6612	0
5701	6612	0
1732	6612	0
431	4495	0
859	4495	0
1244	4495	0
4668	4495	0
3243	4495	0
28	4495	0
4406	4495	0
3897	4495	0
48	4495	0
114	4495	0
1866	4495	0
2390	4495	0
3351	4495	0
1270	4495	0
5443	4495	0
4121	4495	0
2426	4495	0
5200	4495	0
4136	4495	0
2337	4495	0
2304	4495	0
1	3406	0
1234	6376	0
3994	6376	0
3019	6376	0
2039	7110	0
5967	7110	0
1491	7110	0
5233	7110	0
7827	7110	0
6010	7110	0
114	7110	0
4265	7110	0
5511	3969	0
518	246	0
5655	2743	0
3656	2743	0
5475	2743	0
7793	2743	0
5498	938	0
627	938	0
2752	938	0
7640	938	0
2864	938	0
3425	938	0
1361	938	0
1500	938	0
6364	938	0
4015	938	0
4818	938	0
6923	938	0
5464	7343	0
3554	7343	0
6088	4089	0
7327	4089	0
6520	4089	0
7475	4089	0
6383	4089	0
6098	4089	0
5254	4089	0
7333	4089	0
1266	6652	0
3826	5163	0
6170	5163	0
5301	5163	0
2368	5163	0
32	5163	0
2767	5163	0
2085	4391	0
2052	4391	0
154	4391	0
6086	4391	0
5877	4391	0
1531	4391	0
5585	4391	0
4678	4391	0
4280	4391	0
4774	4391	0
651	4391	0
1473	4391	0
3373	4391	0
763	6098	0
6956	3585	0
2014	5159	0
6743	5159	0
217	5159	0
3890	5159	0
2949	5159	0
3553	5159	0
939	5159	0
2483	5159	0
1956	5159	0
7848	5159	0
157	5159	0
3215	5159	0
6876	5159	0
2683	5159	0
7610	5485	0
4352	4492	0
1312	4007	0
4172	4007	0
5882	4007	0
111	4007	0
7367	4007	0
301	4007	0
3539	4007	0
1064	4007	0
1349	4007	0
1610	4007	0
3114	4007	0
6785	4007	0
470	4007	0
3568	4007	0
1838	4007	0
1196	4007	0
3197	4007	0
4007	4589	0
77	4589	0
111	4589	0
7367	4589	0
6789	4589	0
2377	4589	0
6141	4589	0
5158	4589	0
6204	4589	0
1762	4589	0
3617	4589	0
6785	4589	0
3696	4589	0
624	4589	0
3978	4589	0
952	4589	0
7254	4589	0
3221	3824	0
6097	3824	0
4852	3824	0
2500	3824	0
6361	3824	0
4079	3824	0
7761	3824	0
7095	3824	0
5995	3824	0
7258	3824	0
5437	3824	0
4989	3824	0
6693	3824	0
6307	2503	0
5568	2503	0
5049	2503	0
2362	2503	0
2749	7793	0
1232	7793	0
5820	7793	0
7005	2289	0
3095	2289	0
3094	2289	0
1559	2289	0
3445	2289	0
7821	5645	0
2824	5645	0
351	5645	0
2888	5645	0
541	5645	0
102	5645	0
3516	5645	0
1746	5645	0
4572	5645	0
1438	5645	0
4846	5645	0
1013	5645	0
5869	6773	0
6579	6773	0
2638	6773	0
7651	6773	0
6730	6773	0
1544	6773	0
2604	6773	0
2588	6773	0
4620	4787	0
7685	3896	0
63	4019	0
488	5409	0
393	5409	0
3495	5409	0
1563	5409	0
628	5409	0
6919	5409	0
5894	5409	0
7385	5409	0
6604	5409	0
7020	5409	0
1817	5409	0
7352	5409	0
7838	5409	0
1564	5409	0
6147	5409	0
1997	5409	0
5695	5409	0
7498	5409	0
2204	5409	0
7111	5409	0
7091	5409	0
3940	4643	0
353	372	0
1297	355	0
7575	355	0
3218	355	0
5789	891	0
5853	891	0
4942	891	0
47	891	0
4114	891	0
3760	891	0
643	5665	0
2986	5665	0
6965	5665	0
863	5665	0
1201	5665	0
178	5665	0
3069	2566	0
1797	2566	0
1606	2566	0
1362	2566	0
3133	2566	0
2245	2566	0
3296	2566	0
1295	2566	0
4504	2566	0
6441	2566	0
3343	2566	0
7514	2076	0
324	2076	0
2329	2076	0
1875	2076	0
6644	2076	0
2430	2076	0
1783	2076	0
3883	2076	0
7107	2076	0
4870	2076	0
7487	2076	0
5988	2076	0
4313	2076	0
2653	2076	0
828	2076	0
6180	2076	0
7197	2076	0
3824	2399	0
3843	92	0
5135	92	0
3396	495	0
1228	495	0
1979	495	0
7733	495	0
4304	495	0
3106	495	0
4836	495	0
0	495	0
788	6348	0
5141	6348	0
3634	6348	0
783	810	0
6096	810	0
284	810	0
6764	810	0
7362	810	0
2669	810	0
2872	810	0
5300	810	0
3082	810	0
7189	810	0
3566	810	0
2645	810	0
3668	810	0
2833	810	0
538	2309	0
5133	2309	0
465	2309	0
1530	2309	0
3341	2309	0
6483	2309	0
5974	2309	0
7399	2309	0
2881	2309	0
3580	2309	0
2142	2309	0
7664	2309	0
3859	2309	0
6095	2309	0
4631	2309	0
5491	2309	0
5731	2309	0
6880	2309	0
1911	2309	0
1009	2309	0
1402	2309	0
7558	3686	0
375	4851	0
1609	4851	0
7685	4851	0
781	4851	0
4080	5388	0
65	5388	0
6540	5388	0
1982	5388	0
289	5388	0
5426	7476	0
2732	6186	0
7129	6186	0
771	6186	0
3057	6186	0
6281	6186	0
4546	6186	0
6645	6186	0
286	6186	0
1137	6186	0
5658	6186	0
1619	6186	0
2219	4020	0
6318	1823	0
1010	1823	0
6542	1823	0
2764	3154	0
2428	7406	0
2476	7406	0
596	801	0
6352	5220	0
3942	6334	0
6703	5531	0
2600	5531	0
6172	5531	0
381	5531	0
3027	5531	0
6868	5531	0
7071	5531	0
2464	5531	0
4145	5531	0
4437	5531	0
1027	5531	0
4412	5531	0
6881	5531	0
3454	5531	0
614	5531	0
6541	5531	0
814	5531	0
4255	5531	0
5104	5531	0
1687	5531	0
3674	5531	0
2803	5531	0
785	5531	0
2779	1059	0
3161	1059	0
1312	3197	0
3639	4068	0
6327	4068	0
6098	502	0
5011	502	0
732	502	0
6740	502	0
3109	502	0
1086	5939	0
2766	5939	0
7116	5939	0
6258	5939	0
3973	3607	0
4246	3607	0
6113	3607	0
2976	3607	0
6985	3607	0
2770	3607	0
5054	898	0
7477	5888	0
7694	5888	0
4453	5888	0
4669	5888	0
1183	5888	0
1166	5888	0
887	5888	0
6848	5888	0
5722	5888	0
2498	5888	0
7059	5888	0
6922	5888	0
3712	5888	0
7623	5888	0
4384	5888	0
7662	5888	0
2863	5888	0
2465	7728	0
3202	7375	0
6183	384	0
6028	384	0
6296	384	0
4959	3060	0
1914	112	0
7500	112	0
3364	703	0
4527	703	0
1046	703	0
1924	703	0
7361	703	0
1400	703	0
5281	703	0
794	703	0
2322	703	0
1223	703	0
5958	703	0
7863	1023	0
880	1023	0
7818	1023	0
4526	1023	0
62	1023	0
5739	1023	0
6350	1023	0
3579	1023	0
164	1023	0
4708	1023	0
5912	1023	0
2010	1023	0
4553	1023	0
1555	2121	0
6843	5299	0
6608	5299	0
5984	5299	0
7450	5299	0
72	5299	0
2980	5299	0
7206	5299	0
7113	5299	0
5002	5299	0
359	5299	0
4225	6324	0
1851	6324	0
3397	6324	0
7025	6324	0
3256	6324	0
1946	6324	0
5353	6324	0
7401	6324	0
486	6324	0
1692	6324	0
3651	6324	0
1074	2172	0
2413	2172	0
39	2172	0
7663	2172	0
2103	2172	0
6255	2172	0
5848	2172	0
6790	2172	0
4931	2172	0
2741	2172	0
6245	2172	0
4480	2978	0
527	2978	0
1864	2978	0
5679	2978	0
5084	2978	0
4387	2978	0
2049	2978	0
3154	2978	0
2667	2978	0
3164	2978	0
3375	2978	0
5631	2978	0
2135	2978	0
6239	2978	0
5589	2978	0
4319	2978	0
2654	2978	0
4104	2978	0
1327	2978	0
7616	2978	0
6583	2978	0
5700	2978	0
1507	2978	0
5092	5569	0
4482	5569	0
3737	5569	0
1629	5569	0
6979	5569	0
1414	5569	0
2786	4427	0
6763	5261	0
5698	5261	0
6553	5261	0
3810	5261	0
3808	917	0
7083	917	0
6668	917	0
4542	917	0
1286	917	0
1337	4911	0
2803	4911	0
5077	4911	0
7608	4911	0
2380	4911	0
6902	4911	0
5876	4911	0
5404	4911	0
5531	4911	0
6595	4911	0
5479	4911	0
5094	4911	0
6738	4911	0
6188	4348	0
4071	4348	0
6571	4348	0
7290	4348	0
276	4348	0
4911	4348	0
3592	7822	0
1296	7822	0
1261	7822	0
6709	7822	0
5921	7822	0
6910	7822	0
2353	7822	0
6500	7822	0
1157	7822	0
6696	4115	0
3729	4115	0
2576	8	0
418	8	0
5843	8	0
3173	8	0
850	8	0
4900	8	0
4798	8	0
1627	8	0
5196	8	0
5186	8	0
1703	8	0
465	8	0
7800	8	0
3059	8	0
5974	8	0
714	8	0
7121	8	0
7825	708	0
3461	708	0
4791	708	0
7527	4229	0
7011	4229	0
4415	4229	0
3816	4229	0
7817	6352	0
3149	6352	0
1769	6352	0
1202	6352	0
2529	6352	0
3352	6352	0
6624	6352	0
2132	6352	0
7622	6352	0
6173	5704	0
3933	5704	0
5584	5451	0
7330	5451	0
5272	5451	0
7585	5451	0
2165	5451	0
2648	5451	0
4349	5451	0
1965	5451	0
7613	5406	0
2129	5406	0
3219	5406	0
7562	5406	0
3554	5406	0
3064	5406	0
3588	5406	0
5946	5406	0
5836	6684	0
3635	6684	0
4724	3113	0
4189	3113	0
1518	3113	0
3094	3113	0
490	3113	0
7050	3113	0
2128	3113	0
1463	3113	0
4447	3113	0
7119	7200	0
4555	7200	0
2805	4749	0
202	4749	0
7635	4749	0
5165	4749	0
730	4749	0
3407	4749	0
537	4749	0
6231	4749	0
6410	4749	0
173	4749	0
6339	4749	0
1127	4749	0
66	4749	0
3018	4749	0
3179	4749	0
7777	4749	0
6544	4749	0
561	5820	0
3714	5820	0
3160	5820	0
1392	5820	0
2576	5820	0
2972	5820	0
7844	5820	0
5972	5820	0
6692	5820	0
1420	5820	0
2852	5820	0
5874	5820	0
7160	5820	0
5274	5820	0
2532	5820	0
5529	5820	0
5202	5820	0
77	3587	0
7345	3587	0
3897	3587	0
3035	4390	0
5532	4390	0
2594	4390	0
4087	6524	0
1835	4725	0
6705	5340	0
1225	5340	0
2965	5340	0
2217	5340	0
6171	5340	0
4039	5340	0
7255	5340	0
1128	5340	0
4925	5340	0
7359	5340	0
3466	5340	0
1550	5340	0
7798	5340	0
2996	5340	0
3838	5340	0
2885	5340	0
3050	5340	0
2785	5340	0
4657	5340	0
3265	5340	0
2162	5340	0
649	5340	0
4169	5340	0
4402	5340	0
5035	5340	0
3037	5340	0
737	5340	0
4671	5340	0
1962	5340	0
7792	5340	0
3567	2778	0
6063	2778	0
4820	2778	0
1854	2778	0
6619	2778	0
7602	2778	0
4009	2778	0
2404	4180	0
5888	3216	0
6657	3216	0
1344	1194	0
6320	1194	0
7692	1194	0
4367	1194	0
5804	1194	0
681	1194	0
3016	1194	0
533	1194	0
7642	1194	0
6050	1194	0
6186	6090	0
2344	6090	0
7470	385	0
1236	5134	0
2772	5134	0
5503	5134	0
696	5134	0
4610	5134	0
949	5134	0
2009	7714	0
1455	7714	0
5602	7714	0
3015	7714	0
1959	2366	0
5260	1195	0
781	1195	0
6837	4868	0
3416	4868	0
3055	4868	0
1907	4868	0
4805	4868	0
5183	4549	0
2209	4549	0
2406	4549	0
5791	4549	0
4066	4549	0
2035	4549	0
4173	4549	0
5741	4549	0
7375	4549	0
4386	4549	0
121	4549	0
3520	4549	0
3662	4549	0
6755	4549	0
171	4549	0
6618	4549	0
6533	4549	0
1478	4549	0
7761	4549	0
1029	4549	0
5057	7295	0
1080	1250	0
3161	1918	0
2087	1918	0
77	4598	0
7	86	0
3970	86	0
2947	86	0
1417	86	0
903	86	0
1640	86	0
3060	86	0
7618	1394	0
1876	1394	0
122	1394	0
4152	1394	0
6900	1394	0
105	1394	0
7802	1394	0
506	1394	0
4331	1394	0
4431	1394	0
6912	1394	0
435	1394	0
6824	1394	0
7253	1394	0
3239	1394	0
4398	1394	0
263	1394	0
5113	1402	0
6734	1402	0
1987	1402	0
758	1402	0
6567	1402	0
7030	1402	0
6284	1402	0
1939	1402	0
3108	1402	0
4008	1402	0
902	1402	0
964	1402	0
493	1402	0
1852	1402	0
4788	1402	0
1386	1402	0
3301	1402	0
1955	1402	0
7540	1402	0
1344	1402	0
6285	1402	0
2068	1402	0
4031	1402	0
3518	1402	0
1258	1402	0
4863	1402	0
7718	1402	0
3286	1402	0
2088	1402	0
7827	1402	0
353	1402	0
1235	1402	0
6350	1402	0
985	1402	0
1661	1402	0
1036	1402	0
7053	1402	0
4828	1402	0
1824	1402	0
5685	1402	0
6165	1402	0
4385	1402	0
3927	1402	0
4327	1402	0
2460	1402	0
4041	1402	0
7658	175	0
7274	3309	0
46	3309	0
367	3309	0
6053	3309	0
7172	3309	0
5574	77	0
2923	77	0
3284	77	0
6803	77	0
7674	77	0
3947	77	0
1850	77	0
5582	77	0
1231	77	0
2802	77	0
1480	77	0
3063	77	0
2489	77	0
1571	77	0
6653	77	0
5497	77	0
1312	77	0
3197	77	0
5882	77	0
5733	77	0
5115	77	0
4990	77	0
90	77	0
5968	77	0
328	77	0
5717	77	0
7472	77	0
329	3182	0
6728	2332	0
5779	2332	0
6629	2332	0
6683	2332	0
3053	2332	0
7026	2332	0
1132	5551	0
565	3478	0
3954	3478	0
2886	3478	0
7683	3478	0
1813	3478	0
3140	3478	0
2835	7666	0
7795	3929	0
6081	7711	0
7039	7711	0
5520	7711	0
2141	7711	0
6831	7711	0
6586	7711	0
4196	7711	0
2681	6033	0
2317	6033	0
200	6033	0
4937	6033	0
7549	6033	0
7416	6033	0
744	6033	0
1988	6033	0
2281	6033	0
4029	6033	0
1251	6033	0
2547	6033	0
3165	6033	0
825	6033	0
7046	6033	0
5740	2960	0
1253	4861	0
2487	4861	0
7801	4861	0
4570	4861	0
5784	4861	0
1739	4861	0
1421	4861	0
6199	4861	0
5645	5726	0
1076	2792	0
5904	2792	0
2631	2792	0
4030	2792	0
425	2792	0
3869	2792	0
5862	2792	0
4317	2792	0
705	1373	0
2978	1373	0
3	1373	0
6329	1373	0
6804	1373	0
3164	1373	0
4238	1373	0
4765	1373	0
4599	1373	0
5411	1373	0
4596	1373	0
6527	1373	0
7191	1373	0
3732	1373	0
4159	1373	0
5260	1373	0
7862	1373	0
5063	1373	0
1428	1373	0
5440	1373	0
4115	1373	0
7012	1373	0
185	4522	0
3593	4522	0
2614	4522	0
1562	4522	0
620	4522	0
2573	4522	0
3423	4522	0
6755	4522	0
7425	4522	0
5950	4522	0
5814	4522	0
2993	4522	0
6122	4522	0
3971	4522	0
4566	2535	0
4052	2535	0
6972	2535	0
5895	2535	0
4780	2535	0
1605	2535	0
4075	2535	0
2957	2535	0
2024	2535	0
7789	2535	0
4380	2535	0
4451	2535	0
6354	79	0
5807	79	0
5577	79	0
1648	79	0
1219	6627	0
3003	6627	0
800	6627	0
4636	6627	0
2563	6627	0
5024	6627	0
2961	6627	0
2084	6627	0
563	6627	0
932	6627	0
5696	6627	0
900	6627	0
6154	6627	0
3139	6627	0
7170	6627	0
7090	6627	0
7785	6627	0
1820	5982	0
165	5982	0
7593	5982	0
4618	5982	0
3717	5982	0
6198	5982	0
7287	5982	0
3557	5982	0
1501	5982	0
5644	5982	0
6061	5982	0
4044	5982	0
1532	2272	0
7271	2272	0
806	2272	0
2992	4959	0
4632	4959	0
406	4959	0
5684	4959	0
2567	4959	0
1090	4959	0
777	4959	0
6513	4959	0
6496	4959	0
4922	4959	0
5918	4959	0
6309	4959	0
1432	6327	0
501	6327	0
5472	5611	0
4961	5611	0
6792	5611	0
4028	5611	0
2134	5611	0
6433	5611	0
6531	5611	0
1580	5611	0
5203	5611	0
6304	5611	0
6701	3496	0
4505	3496	0
940	2789	0
4099	2789	0
1376	2789	0
1711	2876	0
4926	2876	0
1072	2876	0
142	2876	0
3861	2876	0
353	5366	0
2786	5366	0
5868	5366	0
7142	4308	0
1083	4308	0
4018	4308	0
2559	7090	0
3013	7090	0
103	6110	0
7377	6110	0
3413	6110	0
6430	6110	0
5759	6110	0
2698	6110	0
4737	6110	0
2249	6110	0
95	6110	0
4275	6110	0
999	6110	0
7794	6110	0
6697	6110	0
115	6110	0
6060	6110	0
1217	6110	0
4458	6110	0
7760	6110	0
6495	6110	0
1578	6110	0
1347	6110	0
2037	6110	0
4344	6110	0
5688	6110	0
5664	6110	0
4382	6110	0
1050	6110	0
7511	6110	0
3967	6110	0
1237	6110	0
2524	6110	0
4383	6110	0
2557	6110	0
5805	6110	0
809	6110	0
2887	6110	0
1337	6110	0
6257	7670	0
4326	3267	0
4765	3267	0
7376	3267	0
942	3267	0
5119	3267	0
5320	3267	0
6069	5869	0
7791	5869	0
6112	5869	0
3752	5869	0
5215	5869	0
4479	4355	0
4866	320	0
3934	965	0
6802	4670	0
2522	654	0
7859	654	0
4718	654	0
1423	654	0
1020	654	0
2984	654	0
1920	654	0
7421	654	0
5471	654	0
5579	3094	0
3290	3094	0
6169	3094	0
723	3094	0
372	3094	0
7193	3094	0
2211	3094	0
5816	3094	0
7248	3094	0
7325	3094	0
6621	3094	0
5811	3334	0
5772	7814	0
1053	2555	0
5565	1405	0
5032	1405	0
1354	371	0
6822	371	0
5155	371	0
5459	2995	0
4768	2995	0
5947	2995	0
4593	2995	0
5398	2995	0
2729	2995	0
1131	2995	0
2822	2995	0
811	2995	0
1215	2995	0
1208	2995	0
4321	2995	0
6679	2995	0
5438	2995	0
4625	2995	0
6124	2995	0
889	2995	0
4051	2995	0
6560	2995	0
2533	2995	0
831	2995	0
7166	2995	0
7482	2995	0
2104	2995	0
1653	2995	0
2469	2995	0
3374	2995	0
6444	2995	0
1672	2995	0
5555	2995	0
4855	2995	0
6142	2995	0
4826	2995	0
387	2995	0
7700	2995	0
7446	2995	0
3005	2995	0
1493	2995	0
4872	4711	0
126	2598	0
2527	2598	0
4279	2598	0
2652	2598	0
4097	3440	0
4413	3440	0
1524	3440	0
1154	3440	0
53	3440	0
3618	3440	0
4934	3440	0
5303	3440	0
3501	3440	0
4117	1380	0
2001	7345	0
3245	7345	0
5065	7345	0
6168	7345	0
6043	7345	0
5810	7345	0
3134	7345	0
1146	7345	0
5500	7345	0
4578	7345	0
4602	7345	0
553	7345	0
3880	7345	0
6580	7345	0
1394	6521	0
3718	7811	0
7074	7811	0
4507	7811	0
3125	5599	0
5731	5599	0
7471	5599	0
2623	5599	0
2098	5599	0
1291	5599	0
5033	5599	0
2179	5599	0
1735	5599	0
1855	5599	0
3231	5599	0
832	5599	0
1717	5599	0
3324	5599	0
7615	5599	0
5499	5599	0
3885	5871	0
1556	5871	0
3979	5871	0
5201	5871	0
6243	5871	0
3559	5871	0
5228	5871	0
7765	5871	0
2236	5871	0
5906	5871	0
2193	5871	0
415	5871	0
3068	5871	0
2005	5871	0
600	5871	0
2891	5871	0
391	5871	0
6453	5871	0
4869	5871	0
4587	5871	0
2263	5871	0
2787	4781	0
5797	4781	0
5622	4781	0
1442	4781	0
3777	4781	0
6574	4781	0
2857	4781	0
6719	4781	0
7065	493	0
183	493	0
6885	493	0
227	493	0
7672	493	0
6114	5742	0
1370	5742	0
4256	5742	0
2523	5742	0
4894	5742	0
6605	5742	0
4011	5742	0
514	5742	0
2840	5742	0
4088	5742	0
6185	5742	0
6939	5742	0
7689	5742	0
4291	5742	0
1434	5742	0
5215	2647	0
6375	63	0
2066	63	0
4985	63	0
6791	4052	0
7325	4052	0
4210	4052	0
3001	4052	0
1265	4052	0
4074	4052	0
3694	4052	0
3823	4052	0
4739	4052	0
3538	4052	0
4719	6400	0
3906	6400	0
6944	6400	0
3072	6400	0
3770	5539	0
2977	5539	0
2456	5539	0
6535	5539	0
4699	5539	0
3711	5539	0
6358	5539	0
4918	5539	0
6247	5539	0
4698	5539	0
5152	5539	0
6067	5539	0
5761	5539	0
2747	5539	0
6804	480	0
1626	480	0
3416	480	0
4456	480	0
5872	480	0
7703	480	0
6085	480	0
7719	480	0
5045	480	0
6699	480	0
4607	1909	0
4533	1909	0
847	1909	0
4305	1909	0
547	1909	0
1494	1909	0
1493	1909	0
7804	1909	0
1314	1909	0
7449	1909	0
886	1909	0
2995	1909	0
901	1909	0
1586	1909	0
4842	1909	0
4441	1909	0
4051	1909	0
7526	1909	0
5672	1909	0
93	1909	0
2888	6572	0
1525	6572	0
4195	6572	0
563	2402	0
6968	2402	0
5074	2402	0
2000	2402	0
5059	2402	0
7742	2402	0
2865	2402	0
6816	2402	0
6658	2402	0
3930	2402	0
7105	2402	0
6038	2402	0
2347	2402	0
3704	2402	0
6177	2402	0
162	2402	0
900	2402	0
3337	2402	0
5496	2402	0
1822	2402	0
3046	2402	0
6349	2402	0
7778	2402	0
4228	2402	0
6368	2402	0
1134	2402	0
59	2402	0
5954	2402	0
1374	2402	0
3839	7330	0
6044	7330	0
5598	7330	0
3100	7330	0
3158	7330	0
993	7330	0
7246	3904	0
846	3904	0
511	3904	0
4969	3904	0
5492	3904	0
729	3904	0
4515	3904	0
5560	2475	0
3678	2475	0
6024	2475	0
1169	3260	0
4928	3260	0
7396	3260	0
262	3260	0
4839	3260	0
888	3260	0
5483	3260	0
2890	3260	0
4600	3260	0
4817	3260	0
1677	3260	0
7016	3260	0
523	3260	0
5931	3260	0
4948	3260	0
6825	3260	0
4865	3260	0
6761	3260	0
6238	3260	0
7469	3260	0
2423	3260	0
3460	3260	0
766	3260	0
7714	3260	0
7386	3260	0
6563	3260	0
7653	3260	0
945	3260	0
1324	3260	0
2389	3260	0
977	2556	0
150	2556	0
6020	2556	0
4966	2556	0
3116	2556	0
7557	2556	0
3889	2556	0
2951	551	0
7832	551	0
3174	551	0
1857	551	0
2684	551	0
7049	551	0
7238	551	0
2161	551	0
4580	551	0
1305	551	0
3011	551	0
6987	551	0
3757	551	0
3310	551	0
194	551	0
6650	551	0
7645	551	0
4228	551	0
1307	551	0
3487	551	0
1516	551	0
7609	551	0
5785	551	0
5110	551	0
3241	551	0
2210	5161	0
926	5161	0
4880	5161	0
2566	5161	0
6953	5161	0
871	5161	0
1861	5161	0
2415	5161	0
5041	5161	0
3792	5161	0
375	5161	0
3642	5161	0
5079	5161	0
4981	5161	0
5536	5161	0
4830	5161	0
3839	5161	0
2376	5161	0
3458	5161	0
2627	1560	0
5303	1560	0
2525	1560	0
436	1560	0
5801	1560	0
3720	1560	0
2374	1560	0
4617	1560	0
7828	1560	0
7033	1560	0
5935	1560	0
6491	1560	0
7682	1560	0
2970	1560	0
7382	1560	0
7509	1560	0
539	1560	0
7773	1560	0
5399	1560	0
3272	1560	0
4975	1560	0
2894	1560	0
2518	1560	0
6823	1560	0
5571	1560	0
835	1560	0
3006	1560	0
1891	1560	0
2593	1560	0
6942	1560	0
6482	1784	0
455	1784	0
424	1784	0
3026	5235	0
843	5235	0
6966	5235	0
4971	5235	0
754	5235	0
7571	5235	0
3625	5235	0
4297	4601	0
5036	4601	0
4754	4601	0
5012	4601	0
3427	4601	0
931	4601	0
677	4601	0
1763	4601	0
1848	4601	0
780	4601	0
2517	4601	0
3724	4601	0
2867	4601	0
4134	4601	0
2239	4601	0
311	4601	0
6213	4601	0
7644	4601	0
5310	4601	0
4986	4601	0
5408	4601	0
4236	4601	0
6507	4601	0
4205	4601	0
6499	4601	0
790	4601	0
4761	4601	0
1207	4601	0
2925	7062	0
2191	7062	0
2696	7062	0
6419	7062	0
5385	7062	0
474	7062	0
5373	7062	0
5769	195	0
7163	195	0
4089	2615	0
3128	2615	0
334	2601	0
3912	2601	0
76	2601	0
816	5866	0
5147	5866	0
5929	5866	0
1819	5866	0
7134	5866	0
5258	7136	0
5195	7136	0
5844	7136	0
2520	7136	0
5296	7136	0
6665	7136	0
6955	7136	0
375	7136	0
4611	7136	0
7621	7136	0
3131	1162	0
1907	1335	0
7324	1335	0
3282	1335	0
3128	1335	0
4830	7471	0
6160	7471	0
6297	7471	0
969	7471	0
2077	7471	0
2623	7471	0
2098	7471	0
1291	7471	0
5033	7471	0
2179	7471	0
5167	7471	0
89	7471	0
7237	7471	0
1854	7471	0
7118	7471	0
3392	7471	0
7688	7471	0
748	7471	0
7314	6385	0
701	7659	0
1903	3729	0
735	3729	0
1614	3729	0
2055	3729	0
4996	3729	0
3208	3729	0
1622	5759	0
2431	5759	0
6301	5759	0
7177	5759	0
7004	5759	0
1832	5759	0
679	5759	0
4693	5759	0
7338	5759	0
7794	5759	0
3874	4234	0
4231	4234	0
3623	4474	0
1098	4474	0
4765	4474	0
7241	4474	0
7430	4474	0
2057	4474	0
204	4474	0
7797	4363	0
2092	7206	0
7610	7206	0
5760	7206	0
3904	3784	0
2167	3784	0
2008	6721	0
1176	6721	0
1216	6721	0
629	6721	0
3794	2675	0
6017	3355	0
4416	7278	0
4207	7278	0
3530	7278	0
2292	7278	0
7015	7278	0
5914	7278	0
6155	7278	0
3829	7278	0
849	7278	0
5982	7278	0
1152	7278	0
2506	3851	0
1896	3851	0
7036	3851	0
5873	6741	0
6305	6691	0
1232	6691	0
1734	5549	0
5367	3773	0
2671	3773	0
1747	3773	0
375	2315	0
5179	2315	0
1441	2099	0
4970	5856	0
6305	5856	0
6300	4464	0
7387	4464	0
1119	4464	0
6943	4464	0
4126	4464	0
1659	4464	0
5987	4464	0
605	4464	0
2496	4464	0
7736	4464	0
4199	4464	0
2363	4464	0
4841	4464	0
5435	4464	0
6333	4464	0
1515	4464	0
4548	4464	0
978	4464	0
3564	5365	0
5419	940	0
4297	940	0
4230	940	0
5533	940	0
3941	940	0
2240	940	0
4678	940	0
2126	940	0
5484	940	0
96	940	0
3175	940	0
7589	940	0
327	940	0
119	940	0
6086	940	0
4391	940	0
3837	940	0
4826	940	0
85	940	0
7130	940	0
6436	940	0
6818	940	0
7339	940	0
6154	7685	0
3812	7685	0
3076	7685	0
5368	7685	0
7459	7685	0
195	7685	0
6593	7685	0
2988	7685	0
2513	7685	0
3074	7685	0
1751	7685	0
1422	7685	0
6525	7685	0
4875	7685	0
5842	7685	0
2030	7685	0
3043	7685	0
5348	7685	0
1689	7685	0
6326	7685	0
6302	7685	0
5208	5318	0
312	5116	0
1094	5116	0
3738	4347	0
4782	5735	0
2004	3584	0
7409	3841	0
6282	3841	0
4720	3841	0
6678	1005	0
6613	1005	0
5260	4346	0
4334	4346	0
6702	4346	0
6937	1917	0
6758	1917	0
3739	1917	0
5352	1917	0
3961	7610	0
2444	7610	0
6034	7610	0
4854	7610	0
5074	7610	0
4773	7610	0
7657	7610	0
837	7610	0
7788	7610	0
4400	7610	0
153	7610	0
7037	7610	0
904	7610	0
2169	1466	0
4897	1466	0
1899	3657	0
2784	3885	0
1199	2784	0
599	2784	0
4821	2784	0
6353	2784	0
3464	2784	0
573	2784	0
786	2784	0
2731	2784	0
5234	2784	0
2319	2784	0
2800	2784	0
4758	2784	0
4921	2784	0
1061	2784	0
5260	6927	0
5288	5461	0
3002	2571	0
1173	2571	0
781	5466	0
5626	2432	0
7188	2432	0
946	2432	0
7240	2432	0
6089	2432	0
7851	2432	0
692	2432	0
1948	2432	0
2736	2432	0
2765	4375	0
3670	7400	0
5788	6309	0
2946	6309	0
1025	6309	0
5506	6309	0
2508	6309	0
5241	6309	0
7149	6309	0
7803	6309	0
332	6309	0
1015	6309	0
6496	6309	0
2992	6309	0
2943	4518	0
3368	4518	0
7174	4518	0
6251	4518	0
6493	4518	0
5942	4518	0
6603	4518	0
5720	4518	0
4623	4518	0
2695	7564	0
3871	2472	0
3610	4811	0
1608	3897	0
7639	3897	0
7631	3897	0
7414	3897	0
2914	3897	0
2707	3897	0
7345	3897	0
1452	3897	0
218	3897	0
3261	3897	0
3414	3897	0
6151	3897	0
7047	3897	0
3245	3897	0
6214	3897	0
3312	3897	0
580	3897	0
4527	7865	0
4919	7865	0
2226	7865	0
672	5128	0
7041	5128	0
1633	5128	0
4713	5128	0
2632	5128	0
4137	5128	0
3420	5128	0
562	5128	0
874	5128	0
6455	5128	0
7567	5128	0
3085	5128	0
5671	5128	0
7034	5128	0
3702	5128	0
2283	5128	0
6732	5128	0
5279	5128	0
6229	5128	0
2058	1872	0
5981	1872	0
117	5615	0
3237	4242	0
2948	4242	0
5414	4242	0
5027	4242	0
1931	4242	0
5269	4242	0
2535	3911	0
2670	7170	0
376	7170	0
3213	7170	0
7665	7170	0
6958	7170	0
1773	7170	0
5267	7170	0
737	7170	0
7636	7170	0
124	7170	0
5802	7170	0
4732	7170	0
6019	4077	0
7223	4077	0
1517	4077	0
5025	4077	0
1618	4077	0
4850	4077	0
5282	3610	0
2289	3610	0
7773	3610	0
1560	3610	0
6514	3610	0
2184	3610	0
918	3610	0
4872	3690	0
6365	2040	0
6210	2040	0
7399	2040	0
3065	2040	0
278	2040	0
944	1801	0
762	1801	0
4417	1801	0
1289	1801	0
4476	1801	0
1953	1801	0
4448	1801	0
5304	1801	0
7677	1801	0
1994	1801	0
5870	1801	0
6252	6528	0
6691	6528	0
5230	4294	0
4484	4294	0
5091	4294	0
6810	4294	0
3328	4294	0
4887	4294	0
2075	4294	0
94	4294	0
5780	4294	0
7311	4294	0
6110	3676	0
5159	135	0
5325	892	0
3412	892	0
3136	892	0
4083	892	0
3367	892	0
966	892	0
1039	892	0
1996	892	0
151	892	0
1383	892	0
7211	892	0
3900	892	0
4212	892	0
3987	2690	0
6363	2690	0
6434	5401	0
3094	1959	0
1063	1959	0
5856	1959	0
1024	1959	0
3526	1959	0
5959	1959	0
2289	1959	0
2780	1959	0
3783	1959	0
2300	1959	0
6796	1959	0
7579	1959	0
118	1959	0
5938	1959	0
1777	1959	0
1031	1959	0
1646	1959	0
91	1959	0
1512	1959	0
937	1959	0
4762	1959	0
55	1959	0
2807	1959	0
7551	5394	0
3455	5394	0
1904	5394	0
7668	5394	0
2714	5394	0
3315	5394	0
5994	6181	0
5758	1513	0
5521	1513	0
3070	1513	0
1267	1513	0
2220	1513	0
756	3160	0
873	3628	0
3915	3628	0
396	3628	0
7350	3628	0
4471	3628	0
3562	3628	0
666	3628	0
6411	3628	0
7619	3628	0
1338	3628	0
5808	3628	0
383	3628	0
2004	3628	0
4760	3628	0
3346	3628	0
1377	3628	0
5242	6036	0
4605	6036	0
2501	6036	0
3345	6036	0
6698	6036	0
5545	6036	0
1001	2961	0
2182	2961	0
7741	2961	0
7770	2961	0
5721	2961	0
4913	2961	0
4600	2961	0
4817	2961	0
3013	2961	0
7423	2961	0
3489	2961	0
1280	2961	0
5646	2961	0
7746	2961	0
7467	2961	0
3005	2961	0
2290	2961	0
1879	2961	0
2995	2961	0
2167	1327	0
568	697	0
893	697	0
3956	1647	0
6570	1647	0
7194	1647	0
1206	1647	0
5436	1647	0
521	1647	0
3032	1647	0
4223	1647	0
7390	1647	0
6774	1647	0
5854	1647	0
74	1647	0
6529	4538	0
3302	2966	0
7603	2966	0
6921	2966	0
6311	2966	0
7764	7029	0
5047	6450	0
1888	6450	0
2983	6450	0
6736	6450	0
196	6450	0
532	6450	0
2889	6949	0
5355	6949	0
5103	6949	0
2325	6949	0
419	2600	0
3646	2600	0
3027	2600	0
7495	2600	0
1644	2600	0
6093	2600	0
4731	2600	0
7242	6342	0
504	6342	0
4746	6342	0
5167	6342	0
268	6342	0
458	6342	0
7668	6342	0
1254	6342	0
7557	6342	0
1539	6342	0
6138	3696	0
1172	3696	0
58	6762	0
4637	6762	0
6396	6762	0
6788	3044	0
959	3044	0
3627	3044	0
4891	3044	0
584	1698	0
4356	1698	0
1520	6534	0
5426	6534	0
7007	3774	0
4849	3774	0
5676	5172	0
863	5172	0
6081	5172	0
1611	5172	0
1194	5172	0
1156	5172	0
2072	5172	0
4803	5172	0
6750	5172	0
3632	2731	0
5080	2731	0
3504	2731	0
4921	2731	0
1781	2731	0
5257	2731	0
3438	2731	0
6223	2731	0
4226	2731	0
7624	2731	0
1593	2731	0
1585	2731	0
2954	7857	0
1741	7857	0
6882	7857	0
3316	7857	0
69	7857	0
2060	7857	0
5168	7857	0
1662	7857	0
4394	7857	0
2552	7857	0
6101	7857	0
1942	7857	0
2338	7857	0
7102	7723	0
3597	7723	0
3180	7723	0
6023	7723	0
2851	7723	0
2753	7723	0
2136	7723	0
2715	7723	0
6877	7723	0
1923	7723	0
7136	7332	0
7816	3624	0
7442	3624	0
7329	3624	0
286	3624	0
5658	3624	0
6186	3624	0
6207	3730	0
1317	3730	0
6249	3730	0
7652	3730	0
2766	2438	0
7847	5617	0
5953	4675	0
7696	4675	0
4767	4675	0
4601	4675	0
7246	4675	0
2662	4675	0
2118	4675	0
1964	4675	0
1082	4675	0
2180	4675	0
5666	4675	0
3038	4908	0
1566	4908	0
7435	4908	0
6222	4908	0
6409	4908	0
4026	5858	0
1472	211	0
4109	211	0
1798	211	0
4288	211	0
6236	211	0
2130	211	0
4467	211	0
1451	211	0
2397	211	0
3893	211	0
3685	211	0
1519	211	0
1990	211	0
5667	211	0
5441	211	0
3821	211	0
5407	6377	0
527	6377	0
4495	1967	0
7365	2115	0
7722	2115	0
447	555	0
5315	555	0
7384	555	0
152	555	0
4756	555	0
3171	555	0
2532	555	0
2818	555	0
3959	555	0
7759	555	0
460	1903	0
2402	1903	0
1656	1903	0
2734	2260	0
3181	2260	0
1071	2260	0
4722	2260	0
5558	4403	0
5123	184	0
6089	184	0
1366	184	0
706	4747	0
271	5358	0
736	5358	0
6152	5358	0
6807	5358	0
1292	5358	0
5125	5358	0
2952	5358	0
4815	5358	0
2839	5358	0
6518	5358	0
38	5358	0
5693	5358	0
6872	5358	0
4944	5358	0
5420	5358	0
5452	5358	0
1533	5358	0
4679	5358	0
6134	5358	0
1106	5358	0
3319	5358	0
2495	5358	0
6745	5358	0
1944	5358	0
7337	7359	0
4101	3168	0
422	3168	0
3479	3168	0
5830	3168	0
3135	3168	0
3141	3168	0
6412	3168	0
6833	3168	0
2237	3168	0
4063	711	0
2660	711	0
127	711	0
6610	711	0
4241	711	0
6811	711	0
7288	711	0
7488	711	0
5659	711	0
7275	711	0
7805	3357	0
4749	3357	0
3910	3357	0
317	1705	0
6001	1705	0
5982	1705	0
551	1705	0
1708	1705	0
3007	2361	0
2521	2361	0
1625	2361	0
6046	2361	0
7485	2361	0
368	2361	0
6344	2361	0
6838	7403	0
5476	7403	0
5243	7403	0
4257	7403	0
4913	7403	0
1853	7403	0
7572	7403	0
2257	7403	0
6888	7403	0
6886	7403	0
3952	7403	0
3928	7403	0
4499	7403	0
7672	7403	0
6885	7403	0
5396	7403	0
6484	6386	0
7856	7190	0
7403	5698	0
7127	6434	0
1713	6434	0
1123	6434	0
4003	6434	0
2699	6434	0
5361	6434	0
1384	6434	0
7629	6434	0
2138	6434	0
2537	6434	0
1722	6434	0
881	6434	0
2108	6434	0
4419	6434	0
7727	6434	0
2834	918	0
2970	918	0
7509	918	0
539	918	0
7773	918	0
5399	918	0
1560	918	0
3272	918	0
1912	918	0
7681	918	0
1764	918	0
6088	918	0
2040	918	0
6240	918	0
2402	2749	0
1242	2749	0
5719	2749	0
7213	2749	0
2827	2749	0
4128	2749	0
2370	2749	0
7388	2749	0
1124	2749	0
2013	2749	0
3143	2749	0
6638	2749	0
5613	2749	0
525	2749	0
5298	2749	0
5093	2749	0
6627	2749	0
2149	2749	0
5378	2749	0
1359	7227	0
6494	7227	0
5970	7227	0
3565	7227	0
2657	7227	0
2122	7227	0
6039	7227	0
1940	7227	0
5835	7227	0
6172	3955	0
6822	4555	0
5344	4555	0
878	4555	0
2080	4555	0
2121	4555	0
5627	4555	0
5674	4555	0
5928	4555	0
7582	2029	0
5832	2029	0
6166	2029	0
5896	2029	0
5141	2029	0
5101	6904	0
6266	6904	0
5009	6904	0
5702	6904	0
4715	6904	0
4567	6904	0
854	6904	0
7535	6904	0
6928	2815	0
5892	5338	0
4766	5338	0
5429	5338	0
7219	5338	0
5237	5338	0
6314	5338	0
4588	5338	0
6584	5338	0
7834	3302	0
6701	3302	0
7603	3302	0
4200	3302	0
7145	3302	0
2326	3302	0
7284	3302	0
5039	3302	0
179	3302	0
1129	7320	0
6545	7320	0
7671	7320	0
170	7320	0
1615	7320	0
2463	7320	0
1642	7320	0
2163	7320	0
6030	7320	0
365	7320	0
810	7320	0
2471	7320	0
3691	7320	0
325	7320	0
1993	7320	0
6083	7320	0
5641	7320	0
2348	7320	0
5837	7320	0
1468	7320	0
5743	7320	0
4203	7320	0
3408	7320	0
797	7320	0
3163	7320	0
4779	7320	0
5846	4100	0
7443	4100	0
3972	4100	0
3339	4100	0
3721	4100	0
4752	4100	0
6924	4100	0
2830	4100	0
5828	4100	0
1387	4100	0
41	4100	0
6065	4100	0
4490	4100	0
5245	4100	0
6184	6783	0
989	6783	0
611	6783	0
4545	5265	0
4746	5265	0
6769	2646	0
2349	3049	0
5625	2940	0
2636	2940	0
5197	2940	0
4131	2940	0
133	7634	0
1745	2106	0
6986	5001	0
1160	5001	0
6700	5001	0
6299	5001	0
3870	5001	0
3335	7494	0
3763	7494	0
1785	2589	0
5155	4227	0
577	4227	0
6057	4227	0
4356	4227	0
1698	4227	0
5917	4227	0
5865	4227	0
6340	4227	0
2763	4227	0
1388	4227	0
7290	1507	0
6366	1507	0
3172	1507	0
1497	1507	0
1941	1507	0
329	1507	0
1880	1507	0
5067	1507	0
2018	1507	0
169	1507	0
3127	1507	0
6483	1507	0
4883	1507	0
2043	1507	0
4218	1507	0
5250	1507	0
3586	1507	0
6880	1507	0
7475	1507	0
6641	1507	0
2167	1507	0
5180	1507	0
2315	1507	0
6228	1507	0
2615	4843	0
6473	4843	0
5142	4843	0
557	7560	0
1440	7560	0
5596	7560	0
67	7560	0
1932	7560	0
7032	7560	0
5030	7560	0
7713	7560	0
182	7560	0
738	7560	0
1624	7560	0
1227	7560	0
7560	6484	0
5845	6484	0
6760	6484	0
557	6484	0
1214	6484	0
576	6484	0
1791	4665	0
1210	3713	0
2100	6717	0
4983	6717	0
2416	6717	0
3999	6717	0
6041	6717	0
1087	6717	0
1448	6717	0
3489	6717	0
2737	6717	0
7389	6717	0
5517	6717	0
231	6717	0
2893	6717	0
4964	6717	0
4272	6717	0
5624	6717	0
6225	6717	0
5124	716	0
560	716	0
6497	716	0
2697	716	0
4676	716	0
6849	3130	0
2613	3130	0
7010	3130	0
4759	3130	0
2387	3130	0
1110	3130	0
2944	7334	0
2156	7334	0
4998	7334	0
1408	7334	0
2267	7334	0
3381	7334	0
3274	7334	0
5825	7334	0
554	5160	0
3974	4941	0
7605	4838	0
2860	4838	0
6488	4838	0
7490	4838	0
2571	1455	0
953	1455	0
4881	1455	0
4817	1455	0
4600	1455	0
4440	1455	0
4315	1455	0
6875	1455	0
444	1455	0
1503	1455	0
5682	1455	0
694	1455	0
4273	1455	0
3223	1455	0
1322	1455	0
1105	1455	0
1668	1455	0
2528	5331	0
7693	5331	0
1436	5199	0
2778	5199	0
1693	4478	0
7251	6427	0
6274	6427	0
1426	6427	0
7073	6427	0
7859	2314	0
638	2314	0
4024	2314	0
88	2314	0
5053	2314	0
2260	1011	0
4243	1101	0
739	1101	0
3276	1101	0
1966	1101	0
26	1259	0
7701	5675	0
1910	4483	0
4508	1933	0
3251	1933	0
7771	1933	0
1016	1933	0
954	1933	0
86	1933	0
7561	1933	0
7744	1933	0
1845	7318	0
4846	7318	0
3372	7318	0
3442	4149	0
1330	4149	0
5718	4149	0
4556	3689	0
7176	5906	0
2451	5906	0
5473	5906	0
4266	5906	0
4023	5906	0
4188	30	0
7381	6720	0
3637	3364	0
494	3364	0
2913	3364	0
4711	3364	0
6972	3364	0
7749	3364	0
1985	3364	0
4832	3364	0
6474	7518	0
3854	7144	0
4096	7144	0
2568	7144	0
2343	7144	0
1917	1030	0
764	3451	0
2076	6149	0
7723	6366	0
1686	763	0
1553	763	0
1701	763	0
183	763	0
6885	763	0
19	763	0
1111	763	0
4225	763	0
6007	763	0
341	763	0
6890	2685	0
219	1346	0
4991	1346	0
2503	1346	0
5469	1346	0
3673	1346	0
3645	1346	0
23	7056	0
1125	7056	0
1599	7056	0
609	7056	0
5570	7056	0
7323	7056	0
1388	7056	0
5020	7056	0
1073	7056	0
6439	7056	0
4828	7056	0
6012	4569	0
940	1841	0
3711	5854	0
3724	5854	0
2282	5854	0
7504	5854	0
6759	5854	0
5662	5854	0
4995	5854	0
6035	5854	0
5283	5854	0
1357	5854	0
321	5854	0
6445	5854	0
4000	2006	0
4100	6879	0
2219	1873	0
4914	4086	0
508	5547	0
3314	6038	0
6938	6038	0
3982	6038	0
299	7119	0
6899	7119	0
1060	7119	0
2502	7119	0
1677	805	0
3602	805	0
4150	805	0
292	805	0
7690	805	0
3039	805	0
1209	805	0
7024	805	0
650	805	0
7743	805	0
1977	805	0
5515	805	0
2726	805	0
6640	805	0
920	373	0
4155	1578	0
1612	1578	0
4913	1578	0
7222	1578	0
4716	6844	0
5008	6844	0
6489	6844	0
6783	6511	0
4035	2608	0
6973	2608	0
787	7620	0
6376	4056	0
6765	6634	0
955	6634	0
5920	6634	0
5145	6634	0
3540	5969	0
316	5969	0
5128	5552	0
74	5824	0
1238	5824	0
3840	5824	0
1158	5657	0
2033	2365	0
1048	3326	0
2961	7307	0
44	7600	0
3995	7600	0
2554	7600	0
4224	7600	0
6735	7600	0
3534	7600	0
2105	342	0
6602	342	0
7260	342	0
6369	342	0
7786	342	0
3688	342	0
2775	342	0
1756	342	0
5580	1546	0
6126	1546	0
4877	7030	0
3030	7030	0
6382	7030	0
530	7030	0
1570	7030	0
7436	7030	0
5171	7030	0
2827	7030	0
2606	7030	0
5696	7030	0
3867	7030	0
2437	7030	0
6261	7030	0
6278	2041	0
3502	2041	0
433	2041	0
3470	2041	0
3772	2041	0
4812	2041	0
1345	5562	0
2672	5377	0
6305	5509	0
6992	2177	0
549	2177	0
1535	2177	0
2125	2177	0
1727	2177	0
3962	2177	0
7252	2177	0
4808	2177	0
2197	2177	0
7788	2177	0
2408	2177	0
4491	2177	0
5523	2177	0
1268	2177	0
2666	2177	0
3759	2177	0
1263	2177	0
7199	5417	0
4341	720	0
5410	720	0
7066	720	0
3725	720	0
2275	720	0
5346	720	0
3165	720	0
5392	720	0
7075	720	0
6937	720	0
7276	720	0
2795	720	0
6263	2998	0
615	2998	0
2316	2998	0
2047	2998	0
3966	2998	0
7000	2998	0
914	2998	0
943	2998	0
5386	2998	0
7345	5488	0
5925	5740	0
617	5740	0
2587	5740	0
2236	5740	0
2711	5740	0
1356	5740	0
4899	5740	0
6892	5740	0
268	5740	0
4345	6011	0
3801	6011	0
1326	6011	0
4264	6011	0
5654	6011	0
3277	6011	0
7151	6011	0
300	4275	0
1601	4275	0
6801	4275	0
1622	4275	0
4672	4275	0
14	4275	0
398	4275	0
6148	4275	0
7186	4275	0
556	6026	0
7277	6026	0
3452	6026	0
542	6026	0
1363	6026	0
222	6026	0
1808	6026	0
4613	6026	0
310	6026	0
6414	6026	0
6866	6026	0
813	6026	0
5285	6026	0
1276	6026	0
5557	6026	0
1574	6026	0
1748	6026	0
1221	6026	0
4999	6026	0
769	6026	0
6062	6026	0
7775	6026	0
2203	6026	0
974	6026	0
6059	6026	0
1921	6026	0
7289	6026	0
4612	6026	0
6995	6026	0
15	6026	0
1742	6026	0
507	6026	0
7857	6219	0
5739	2835	0
3805	2835	0
6902	2835	0
6645	2835	0
7234	2835	0
6069	2835	0
4906	2835	0
481	2835	0
1950	2835	0
4468	136	0
4047	136	0
1490	136	0
1620	18	0
4459	18	0
5409	4810	0
460	4810	0
3901	5264	0
6257	3363	0
7462	5097	0
25	5097	0
6974	5097	0
6498	5097	0
5163	5097	0
6814	5097	0
6407	5097	0
2545	5097	0
899	5772	0
534	5772	0
894	5772	0
6637	5772	0
3162	5772	0
7787	5772	0
5668	5772	0
6819	5772	0
1634	5772	0
2133	5772	0
628	5772	0
3468	247	0
3379	247	0
5211	247	0
5354	247	0
7813	247	0
699	2048	0
4201	2048	0
4269	2048	0
216	5068	0
2904	7522	0
343	7522	0
6670	7522	0
6045	7522	0
4080	210	0
5271	1893	0
4275	5102	0
86	593	0
3060	593	0
934	593	0
4450	593	0
4814	593	0
6757	6726	0
4281	2718	0
3300	2718	0
315	2718	0
4442	2718	0
1460	2718	0
1915	2718	0
212	2718	0
4405	2718	0
759	2718	0
6295	4283	0
5302	4283	0
3695	4283	0
1213	4147	0
4033	5490	0
2961	3137	0
6829	4498	0
3431	4498	0
7584	4498	0
2578	4498	0
4125	4498	0
4179	4498	0
2452	4498	0
987	4498	0
1628	4498	0
684	4498	0
642	4498	0
5591	4498	0
2164	2706	0
5120	2706	0
7122	2706	0
7691	2706	0
2620	2706	0
7750	2706	0
5640	1298	0
1750	2497	0
5939	2497	0
1086	2497	0
1168	2497	0
5324	2497	0
1348	1860	0
2892	3958	0
6827	3958	0
3170	3958	0
633	3958	0
4592	3958	0
3098	3958	0
39	3958	0
3858	3910	0
3509	3910	0
6814	5339	0
2076	5339	0
357	5339	0
1140	5339	0
5599	1721	0
7261	1728	0
1455	7847	0
5336	7847	0
4110	7847	0
4325	7847	0
7244	7847	0
7510	7847	0
7396	7847	0
2208	7847	0
3317	7847	0
1381	7847	0
6694	7847	0
376	7847	0
6780	7847	0
2282	7847	0
3260	7847	0
5078	7847	0
4369	3747	0
6817	3747	0
2934	4245	0
7577	4245	0
5111	4424	0
3351	5326	0
876	2020	0
3830	2020	0
5880	2834	0
4706	2834	0
2050	2834	0
616	2834	0
7278	5849	0
1391	2092	0
109	2092	0
176	2092	0
3238	7846	0
3177	7846	0
7478	7846	0
3780	7846	0
3655	7846	0
1685	7846	0
7099	7846	0
4146	3183	0
2868	6115	0
5516	6115	0
7852	6115	0
2045	6115	0
3969	6115	0
348	6115	0
2590	6115	0
2238	6115	0
5108	6115	0
6784	6115	0
3264	6115	0
4878	6115	0
765	6115	0
4359	6091	0
7838	6091	0
1346	841	0
2793	5604	0
5950	6963	0
4601	1910	0
3724	1910	0
4298	1910	0
1960	5448	0
5345	5448	0
294	394	0
5370	919	0
4785	919	0
3165	919	0
4425	919	0
567	919	0
5648	4579	0
6109	4579	0
4429	4579	0
5251	4579	0
3111	4579	0
805	1613	0
7483	5561	0
2301	5561	0
5033	5561	0
7592	5561	0
5827	5561	0
2995	1852	0
2033	5643	0
5449	4274	0
6462	4274	0
4786	4274	0
350	4274	0
7274	4274	0
4962	4274	0
5841	6884	0
7301	1631	0
7641	1631	0
2549	1631	0
2506	7686	0
725	7686	0
5723	6283	0
1897	6283	0
4112	6283	0
3640	6283	0
2492	6283	0
5884	6283	0
3308	4893	0
1676	4893	0
4622	4893	0
2201	4893	0
3663	1630	0
1616	1630	0
4595	2938	0
2172	7580	0
7097	6415	0
352	6415	0
5219	6191	0
7655	17	0
4422	2924	0
455	4823	0
4374	1141	0
711	7591	0
1121	7591	0
2478	7591	0
1753	3611	0
656	3611	0
716	5474	0
1241	658	0
1378	3262	0
1872	5546	0
5982	4408	0
5609	1309	0
7391	4258	0
7441	2455	0
6051	2455	0
1004	2455	0
5454	2455	0
3252	2455	0
462	2455	0
4286	2455	0
468	2455	0
3295	6458	0
2262	6458	0
7417	6458	0
7381	4290	0
4532	1598	0
