3671	1053
3765	1053
4686	1053
5505	1053
3103	1053
4606	1053
1975	1053
5113	1053
1053	2727
6915	2727
5813	2727
1193	2727
2516	2727
1091	2727
5518	2727
1077	2727
745	2727
504	2727
5255	2727
4135	2727
7829	2727
4232	2727
3193	2727
397	2727
3331	2727
2536	2727
4917	2727
6268	2727
6704	2727
3609	1436
4182	1436
4194	1436
3693	1436
4072	1436
3518	1436
6493	1436
1377	6956
2549	6956
4661	6956
6578	6956
7175	6956
4586	6956
2074	6956
2384	6956
6454	6956
236	2270
7570	2270
5342	2270
4457	2270
1037	2270
796	2270
267	2270
5246	2270
5916	2270
3891	2270
1171	2270
4520	2270
3066	2270
3882	2270
6123	2270
4025	2270
6994	2270
3749	4080
3267	4080
1373	4080
1907	4080
250	4080
4133	4080
1441	4080
5940	4080
1336	4080
479	4080
428	4080
1973	4080
4527	4080
7499	4080
6557	4080
3551	3161
1024	3161
1691	3161
1959	3161
6786	3161
3526	3161
3824	3161
6467	3161
3201	3161
4616	3161
51	3161
1120	3161
172	3161
2181	3161
6609	3161
1818	3161
6699	3161
2058	3161
7545	3161
6296	3161
6133	3161
5872	3161
2173	3161
1934	3161
156	3161
634	3161
1782	3161
861	3161
4261	4299
329	6966
4529	6966
1541	3578
4945	3578
4848	3578
6536	3578
1657	3578
1062	3578
2181	3738
5833	3738
4566	3738
4974	3738
7291	3738
3562	3738
1576	3738
3551	3738
4396	3738
4026	4076
6013	2180
438	5879
5706	5879
776	5879
7548	5879
1590	5879
5421	1033
5087	1033
7769	1033
6713	1033
82	1033
6714	1033
5679	1033
4765	1033
1232	7012
2847	6310
6695	2766
6711	2766
6391	2766
2931	2766
3333	2766
4432	2766
6464	2766
7809	2766
923	2766
607	2766
2189	2766
2424	2766
1355	2766
6078	2766
5	2766
5527	2766
491	2766
6265	2766
1269	2766
594	2766
2633	2766
2102	2766
2336	2229
2873	2229
3344	2229
2182	5760
2961	5760
6873	5760
875	5760
6821	5760
4547	5760
967	2243
2611	2243
4293	2243
4792	2243
369	2243
4846	2243
322	2243
770	2243
186	2243
2059	2243
6088	2243
2981	2243
4888	2243
1907	2243
7539	2243
3304	2243
4338	2243
2176	2243
2848	2243
4389	2243
4271	2243
4159	2243
6057	2243
6911	2243
1233	2243
4827	2243
5961	2243
5153	877
1375	877
6975	877
1488	877
4477	877
2616	1180
361	6403
2383	6403
5322	6403
388	6403
4008	6403
6209	6403
7030	6403
113	6403
4454	6403
5086	6403
3108	6403
7637	6403
3443	6403
6526	6403
7089	6403
7695	6403
1164	6403
6306	6403
2155	6403
2180	6403
4906	6403
316	5736
1787	5736
7430	5736
7840	5736
3288	5736
1195	5736
238	5736
2072	5736
519	5736
770	5736
5736	1345
4994	4054
1000	4054
1419	4054
4907	6730
5087	6730
3150	6730
5679	4531
4872	3768
6186	3768
4434	4213
2157	4213
1244	4213
2837	4213
1284	4213
7607	4213
4884	4213
5639	4213
5156	4213
4577	4213
1907	5281
5599	5281
1565	3187
2388	5179
6687	5179
1464	5179
4830	5179
3259	1683
6200	3996
7326	3996
27	3996
3914	3996
3278	3996
2173	3996
6777	3996
6465	3996
5723	256
3577	256
4461	256
6935	256
4235	256
5043	256
4537	256
3745	256
6288	256
4864	256
291	256
6671	256
6235	256
7839	256
5366	7195
2215	7195
3059	7195
2576	7195
7800	7195
6084	7195
7772	7195
990	7195
5794	7195
5731	7195
7520	7195
7571	7195
4900	7195
5564	7195
829	7195
2509	7195
1009	7195
645	7195
312	7195
3118	7195
4162	7195
6754	7195
465	7195
6359	7195
7712	7195
1139	7195
1922	7195
4319	7195
2894	7195
5974	7195
5350	7195
1258	7195
1404	7195
5127	7195
7664	7195
1609	7195
3932	7195
65	7079
1693	2739
4642	6072
3937	4970
4644	4970
7143	4970
2623	4970
7215	4970
2214	4970
2012	4970
4421	4970
6211	4970
89	4970
1479	4970
1684	4970
6661	4970
1447	4970
3176	1453
6778	1453
3430	1453
5697	1453
5678	1453
4370	4955
3817	4955
2630	4955
1583	5424
3612	5424
3652	5424
2884	3606
5031	3606
2541	3606
6068	3606
7272	3606
2671	1080
2127	1080
4624	1080
7641	1080
6739	1080
6373	1080
2195	1080
5821	1080
710	1080
1032	1080
7070	1080
11	1080
3161	5764
2746	3582
4654	3582
3648	3582
282	3582
1602	3582
7374	3582
4158	3582
6144	3582
4085	3582
2832	3582
3819	3582
2687	3582
6984	3582
1486	3582
3828	3582
7492	3582
5379	3582
7263	3582
3437	3582
6022	3582
2856	3582
2930	3582
3997	3582
2610	3582
695	3582
303	7870
7471	1223
551	4809
6461	3742
3666	3639
6136	3639
7068	3639
2034	3639
5365	3639
7364	3639
1945	3639
1149	3639
1429	3639
2394	3639
4464	3639
2084	3639
3877	3639
5532	3639
7830	3639
265	3639
2450	3639
6037	3639
1943	3639
1558	3639
6989	3639
6719	5797
7840	5797
5736	5797
6933	5797
5199	5797
6140	5797
6547	5797
2828	5797
2664	5797
4573	5797
6082	5797
2778	5797
2326	1502
3766	1502
1678	1502
1528	1502
5632	1502
7145	1502
7267	1502
1315	1502
5997	1502
423	1502
3677	1502
326	1502
4186	1502
492	1502
2113	1502
3410	1502
7162	1502
21	1502
2007	1502
3723	1502
6401	1502
7257	1502
3964	1502
2468	1502
7360	1502
830	1502
1457	2897
5909	2897
4289	2897
5442	2897
2989	2897
5864	2897
1806	2897
1693	2897
1605	508
1715	508
5362	508
6770	508
3768	508
7493	508
7461	508
1992	508
2414	508
2845	508
3753	6749
791	6749
2286	6749
3636	6749
1033	1529
6200	1529
3824	1529
5879	1529
5394	1529
7384	4634
1306	4634
6930	4634
7094	4634
7038	4634
5783	3899
5052	3899
4804	3899
7489	3899
7298	3899
190	3899
420	3899
5987	3899
4064	3899
631	3899
3159	3899
5934	3899
5458	3899
1310	3899
1837	3899
7054	3899
3981	3899
2866	3899
601	3899
7402	3899
6576	3899
360	3899
358	3899
1887	3899
2198	3899
7354	3899
6230	3899
7516	3899
4164	3899
125	3899
3236	3899
6217	3899
4095	3899
7819	3899
2634	3899
5590	3899
4438	3899
7839	6950
1044	6950
5884	6950
4141	3616
833	6331
1565	2051
5235	2051
4419	4799
3081	2344
2485	2344
7709	2344
4554	2344
5289	2344
1902	2344
4910	2344
4769	4323
7239	4323
3099	4323
7371	4323
3610	1709
96	3714
2553	3714
1116	3714
70	3714
6660	6426
1290	6426
403	6426
5090	2004
1485	2004
7582	2004
7460	2004
1700	2004
7810	2004
5818	2004
5334	2004
6192	2004
2713	2004
4090	2004
7205	2004
7009	2004
4165	2004
3387	2004
2467	2004
7210	2004
7826	2004
3293	2004
2907	2004
5808	2004
895	2004
2175	2004
340	2004
5136	2004
337	2004
1273	2004
5305	2004
240	2514
5670	2514
3258	2514
429	2514
7068	2514
3247	2514
6573	2514
48	2514
2248	2514
566	2514
7358	2514
1311	2514
7731	2514
7304	2514
5587	2514
7080	2514
5225	2514
20	2514
2558	2514
4037	2514
1203	2514
4535	2514
5878	2514
114	2514
5977	2514
840	2514
4123	2514
3957	2514
2916	2514
6346	2514
3398	2514
1696	2514
4783	2514
1557	2514
214	2514
5191	2514
2639	2514
7410	2514
2400	2514
5956	2514
670	2514
4107	2514
6381	2514
4856	2514
7748	2514
700	2514
5608	2514
6852	2514
980	2514
6158	2514
3441	2514
7525	2514
7253	2514
2188	2514
4959	2514
2165	2514
3649	2514
1405	1804
4252	685
7079	685
976	378
1109	378
4407	378
6589	378
1344	378
2512	378
7599	378
4488	378
4350	378
5332	378
6076	378
6898	378
3144	378
6146	378
5713	378
927	378
6829	378
3888	378
3280	378
2514	378
378	5861
1895	5861
527	6329
6197	6329
1864	6329
5679	6329
5084	6329
4387	6329
2049	6329
3154	6329
2667	6329
3164	6329
3375	6329
5631	6329
2135	6329
3172	6329
3354	7309
3194	7309
4549	7309
4933	7309
2760	7309
3887	7309
1658	7309
6187	7309
228	7309
1512	7309
7232	4185
3841	4185
3215	6140
4558	6140
2153	6140
929	6140
2016	6140
4726	6140
7419	6140
7719	6140
4633	6140
7184	6140
6341	6140
5007	6140
1674	2031
5765	2031
6824	2031
6820	2031
5732	2031
2196	2031
6089	2031
3323	1811
7586	1811
2351	1811
5308	1811
4517	1811
2246	1811
2574	1811
5637	1565
1294	1565
962	1565
6908	1565
158	1565
5669	1565
3481	1565
4053	1565
3760	1565
2804	1565
5740	1565
5306	1565
4409	1565
4562	1565
3675	1565
4523	5425
6853	123
1461	123
13	123
5271	123
5015	123
3415	123
5597	123
6647	123
3661	123
2733	123
6294	123
7042	7783
4994	4710
7723	5708
930	2786
6092	2786
1425	2786
482	2786
613	2786
7758	2786
4924	2786
1144	2786
2187	2786
4393	2786
1256	2786
5185	2786
612	1584
4026	1584
6859	1555
3917	1555
7702	1555
3467	1555
308	1555
5548	1555
6466	1555
6077	1555
2723	1555
7128	1555
6360	1555
3436	68
87	68
872	68
5460	68
2702	68
2227	68
3497	68
973	68
7790	5254
307	2490
7687	7135
6089	7207
2331	4479
5343	4479
7462	4479
6356	4479
1321	4479
819	4479
2367	4479
3289	4479
7413	4479
7704	4479
1693	4479
5621	4479
7562	4479
6575	4479
3210	4479
4034	4479
5309	4479
5048	4479
5525	4479
7454	4479
9	1139
2090	1139
6916	1139
5588	1139
1530	1139
1041	1139
5544	1139
4181	1139
3020	1139
8	1139
6489	5950
7159	5950
3094	6786
4274	6786
6978	2849
6564	2849
3307	2849
7154	7217
5554	7217
1913	7217
7125	7217
4206	7217
7837	7217
6075	7217
2198	1266
3523	1266
2703	1266
2168	1266
42	1266
6688	1266
4317	1266
2278	1266
1262	1266
2631	1266
137	1266
370	1266
4217	1266
690	1266
2717	1266
513	1266
2720	1266
5883	1266
4069	1266
6964	1266
4621	1266
5319	1266
5235	2219
623	2219
7092	2219
2565	2219
6159	2219
2499	2219
3944	2219
7678	2219
3633	2219
3710	2219
6374	2219
1959	7698
3738	7698
4300	5882
3550	5882
7226	944
7717	944
7582	944
1193	5749
6606	5749
2917	5749
4771	5749
1521	3745
2093	3745
1187	3745
3647	3745
862	3745
6231	3745
1766	3745
6405	3745
7839	3745
5834	7314
3156	7314
1637	7314
4245	7314
882	7314
6751	7314
7234	7314
2356	7314
4449	7314
2180	7314
6025	7314
3067	7314
7342	7314
1069	7314
5372	7314
6135	7314
1639	7314
3848	7314
6043	7314
2346	7314
6481	7314
4400	7314
4055	7314
173	7314
5968	7314
77	7314
2934	7314
2771	7314
223	7314
1733	6889
7560	6889
6421	403
5072	403
6865	403
3448	403
5993	403
3715	403
578	403
2566	403
7068	403
5570	403
2117	3338
7815	3338
3943	3338
7625	4770
329	754
5161	754
6552	5477
4552	6725
6432	4957
4007	1445
243	1445
6789	1445
77	1445
844	7782
5895	1777
6011	1777
4115	1777
7860	1777
3783	1777
2300	1777
6796	1777
7579	1777
2724	1777
118	1777
5349	1777
1031	1777
6343	1777
7462	1791
1035	1791
772	1791
285	1791
3659	1791
3289	1791
2302	1791
883	3940
1903	3940
5697	3940
5766	3940
6099	3940
547	3940
5401	3940
3152	3940
6359	3940
3112	3940
4810	3940
2870	3940
1443	3940
4193	3940
2532	3940
1551	3940
2410	3940
7366	3940
7308	3940
5586	3940
3036	3940
6476	1045
6908	1045
1565	1045
4032	1045
7574	6210
2041	6210
5017	6210
6201	6210
5941	6210
5583	6210
6855	6210
136	6210
6309	6210
241	6210
466	7552
4643	7552
8	6432
7299	6432
5789	6432
1865	6432
6428	6432
637	6432
6176	6432
1279	6432
2576	6432
3731	6432
6892	6432
7544	6432
5633	6432
5374	6432
3020	6432
7412	6432
366	6432
2280	6432
4091	767
443	767
4430	767
529	767
1147	767
235	767
1272	767
5085	767
1142	767
7543	767
3992	767
7109	767
7546	767
5578	767
6145	767
5148	767
606	767
5839	767
1433	767
4339	767
7044	767
2644	767
1224	767
5628	767
4982	767
5687	767
3222	767
7555	767
4282	767
704	767
1569	767
2701	767
669	767
2324	767
6532	767
1165	767
2650	767
7142	1133
1100	1133
1006	1133
3250	1133
908	1133
6477	1133
2562	1133
1341	6089
3404	6089
3322	6089
2756	6089
4536	6089
2188	6089
4747	6089
3336	6089
5329	6089
980	6089
5592	6089
6404	6089
7363	6089
6956	4312
4176	7218
7464	7218
2154	2484
3482	2484
3522	2484
1809	2484
617	2484
3796	2484
1587	2484
382	2484
6087	2484
4480	2484
2978	2484
6729	2484
676	2484
5669	2484
851	2484
661	2484
237	2484
364	2484
6478	2484
1890	2484
4847	2484
6468	2484
5653	2484
2160	2484
1577	2484
2791	2484
5771	2484
1507	2484
6892	2484
5227	2484
6744	2484
1699	2484
5374	2484
6120	2484
3650	2484
6423	2484
6202	2484
2079	2484
817	2484
2391	2484
2929	2484
49	2484
637	2484
5412	2484
4557	2484
2252	2484
4138	2484
5519	2484
4939	2484
261	2484
4108	2484
1778	2484
5402	2611
6947	2611
644	2611
3294	2611
477	2611
1514	183
1736	183
2357	183
2378	183
3396	183
5991	183
7528	183
3779	183
2882	183
5178	183
4364	183
4362	183
7357	183
7269	183
4486	183
1376	183
3620	183
6886	183
6337	183
4151	183
702	183
7593	183
1758	183
6191	183
7112	183
3092	2499
83	1031
3061	1031
558	1031
2623	1031
7860	1031
2082	1031
4707	1031
3382	1031
2724	1031
5349	1031
7268	1031
7448	1031
3281	1031
2603	1031
4287	1031
2332	5112
10	3453
4013	3453
1870	3453
5630	3453
4902	3453
1264	3453
2289	1097
6998	5629
7547	5629
312	5629
6510	5629
1454	5629
5747	5629
5097	5327
243	7565
674	4696
4888	4696
1660	4696
803	4696
5679	4696
6044	4696
2454	5966
5239	5966
5436	5558
913	5558
3736	5558
7194	5558
692	5558
6116	5558
4744	5558
1647	5558
6957	5558
1597	5558
6323	5558
3960	5558
3449	5558
3432	5558
5983	5558
5681	5558
307	2443
5214	5992
2231	5992
2546	5992
2553	5992
384	7617
4285	7617
6642	7617
7322	7617
6305	3352
1455	6825
31	5512
6643	5512
1597	5512
2083	1779
3544	1410
3698	4753
2028	4753
1806	4753
1730	4753
1731	4753
3824	4753
4561	4753
5316	4753
6752	4753
5856	4753
595	4753
941	4753
4450	4753
3008	4753
1163	4753
3636	4753
7763	4753
3832	4753
7705	4753
1589	3283
478	3283
4307	3283
2921	3283
6506	3283
3918	3283
4078	3283
4065	3283
7650	3283
2433	3283
4253	3283
1287	3283
4582	3283
5162	3283
3790	3283
3926	3283
5253	1465
5162	1465
478	1465
4307	1465
2921	1465
2294	1465
4078	1465
7650	1465
4253	1465
6234	1465
4582	1465
3790	1465
1898	1465
5369	4728
4045	3512
5436	4793
4066	4793
6107	4793
5741	4793
2663	4793
2811	4793
2097	4793
4475	4793
4716	4793
4743	6305
2682	6305
220	6305
205	6305
4093	6305
1273	6305
2551	6305
604	6305
2042	6305
4721	6305
3556	6305
2379	6305
2631	6305
347	6305
7655	6305
7608	6305
4936	6305
7463	6305
52	6305
551	6631
1427	1929
2421	1929
6085	6699
7869	6699
2549	6699
7155	6699
4480	6699
676	6699
7551	6699
7005	6699
3201	6699
4202	2087
6893	2087
5774	2087
5082	2087
156	2087
634	2087
1782	2087
3201	2087
4616	2087
51	2087
1540	2087
3380	4642
2305	4642
335	4642
5524	5851
4481	5851
1230	5851
3506	5851
517	5851
6857	5851
1538	5851
3771	5851
827	5851
6208	7805
653	7805
1431	7805
1175	7805
7017	7805
6845	7805
6550	7805
5376	7805
174	7805
7455	7805
3132	7805
3643	7805
7468	7805
7590	1518
5028	1518
7248	1518
4565	1518
1556	4143
2582	4143
6898	4143
7630	4143
4240	4143
2662	4143
7227	4591
4909	4591
5746	4591
4647	4591
4113	4935
7060	4935
7424	4935
4221	4935
5450	781
3091	781
6763	781
5121	781
6793	781
312	781
4835	781
6163	781
742	781
5919	781
936	781
7685	781
5599	6842
6267	3866
891	2352
6432	2352
2427	3377
5126	4539
4651	4539
7532	4539
7285	4539
5558	1275
6276	4994
7732	4994
1257	459
2071	459
6106	459
5390	459
3052	459
5403	459
957	459
655	459
2705	459
7084	459
7321	459
768	459
389	459
242	459
3034	459
269	459
6027	459
2788	459
1908	459
3211	1401
4639	5431
6554	5431
3031	5431
7664	5431
7533	5431
6731	5431
4495	4954
4704	1008
4472	1008
6597	1008
5943	1008
1505	1008
6479	1008
2738	1008
4809	1008
3606	693
1788	693
1878	7658
1592	7658
1723	7658
7582	7658
312	7658
925	7658
5715	329
3260	329
3510	329
1416	329
7844	329
5179	329
6667	329
2253	329
5427	329
6672	329
6438	329
2296	329
4511	329
3876	329
7010	329
3012	329
264	329
7087	329
2596	329
3458	329
2167	329
1935	329
7296	1549
77	1549
3214	1795
1402	5382
138	5382
844	5382
139	5382
944	5304
4141	7530
4014	4929
981	4929
3101	1164
2402	1164
2339	1164
4033	1164
4930	1164
7742	1164
998	1164
6658	1164
4953	1164
7578	1164
7813	1164
563	1164
5490	1164
6429	1164
6894	1164
6611	1164
3465	1164
2617	1164
5337	1164
879	1164
3767	1164
5806	1164
7133	7094
7224	7094
6896	7094
518	7094
4960	7094
2486	7094
7236	7094
272	7094
4381	7094
2287	7094
4446	7094
870	7094
4010	7094
7491	7094
3899	7094
6599	7094
4915	7094
2445	7094
6016	7094
1038	7094
104	4117
2457	4117
2021	4117
5173	4117
5543	4117
1411	4117
757	4117
1729	4117
7431	4117
5204	6358
7669	6358
4248	6358
338	6358
1679	6358
1012	6358
5206	6358
6471	6358
7842	6358
1810	6358
5193	6358
5169	6358
4918	6358
3073	6358
1308	6358
3270	6358
2223	6358
7756	6358
5455	6358
1058	6358
2544	6358
3515	6358
1170	6358
6205	6358
445	6358
559	6358
6008	6358
4192	6358
2844	6358
5005	6358
2626	1534
4403	1534
6901	1534
3942	7019
4401	7019
3507	7019
1444	7019
5161	2036
5871	644
5822	5811
6070	5811
7679	6835
2003	6835
3728	6835
4801	6835
972	6835
4750	6835
6079	6835
4967	6835
5356	6835
590	1379
6325	1379
6767	1379
270	1379
5445	1379
1223	1379
2842	1379
6546	1379
5622	1379
2276	1379
2352	1379
5363	1379
2171	1379
5307	1379
869	1379
2828	1379
3922	5263
3820	5263
4867	5263
2570	5263
2403	5263
2874	5263
7027	5263
1524	5263
349	5263
2592	5263
5315	2101
3332	2101
1337	2101
5416	2101
2649	2101
3683	2101
7096	3921
2062	129
4619	129
3862	129
2383	5322
4118	5322
6938	5322
2677	4795
2321	4795
715	4795
5467	4795
7566	910
6840	910
5649	910
4822	910
2514	910
4648	910
4920	910
6355	910
5961	910
2335	910
2940	910
3048	910
1725	3092
5979	3092
779	3092
7614	3092
6123	3092
6966	3092
2247	3092
5314	3092
1560	6863
1693	6224
7437	2553
893	2553
6905	2553
1667	2553
4439	2553
5226	2553
1229	2553
3383	2553
2255	2553
1635	2553
2561	2553
1506	2553
4807	2553
1185	2553
4494	2553
5223	2553
4946	2553
1398	2553
5971	2553
1594	2553
3654	2553
4903	2553
2434	2553
4859	2553
5890	2553
2218	2553
6279	2553
290	2553
2843	2553
907	2553
5143	2553
503	2553
6448	7850
3881	3716
1754	6574
1924	6574
7317	6574
4717	6574
3271	6574
5130	3572
7079	3572
2081	3385
4351	518
5091	518
5098	518
2974	518
2473	518
4829	518
6316	518
4913	518
3234	518
2716	518
3196	518
1844	518
7612	518
4509	518
3613	7378
5542	7378
1937	7378
7541	7378
5611	7378
3948	7378
2200	7378
5689	7378
6167	277
3836	277
1143	277
2869	1734
820	1734
5182	1734
7626	1734
2674	1734
1670	1734
4947	7795
4202	7795
2199	7795
3122	7795
2539	3804
390	3804
5256	3804
6451	3804
7064	3804
6125	3804
78	3804
7661	7181
1707	1714
419	1714
1487	1714
6443	1714
4163	1714
2065	1714
5907	1714
3699	528
6771	528
3220	528
6708	528
1167	5260
463	5260
6006	5260
1522	5260
7568	5260
5315	5260
2835	5260
4508	5260
411	5260
5619	5260
3605	5260
3071	5260
6519	5260
7136	5260
3091	5260
2799	5260
34	5260
74	5260
6029	5260
3932	5260
7793	5260
4070	5260
2327	5260
1724	4529
1826	4529
6563	4529
7847	4529
4993	4529
3639	4460
912	5006
7707	5006
7058	7347
1438	7347
1886	7347
2748	7347
1130	7347
6585	7347
2985	7347
5635	7347
7395	7347
1647	6957
3419	6957
4042	6957
3736	6957
7194	6957
824	6957
3693	6957
3004	6957
6583	6957
5765	6957
4197	6957
6624	1046
3459	1046
1393	1046
4330	1232
7776	1232
7146	1232
73	1232
4388	1232
2740	1232
1329	1232
2579	1232
7418	1232
40	1232
3865	1232
4412	1232
7314	1232
7637	1232
6172	1232
1639	1232
6021	1232
485	1232
7167	6692
1652	6692
3119	6692
6830	6692
5311	6692
6625	6692
1242	6692
4213	6692
7843	6692
4037	6692
4831	6692
520	6692
6841	6692
3430	6692
6633	6692
1916	6692
288	6692
667	6692
2491	6692
1138	6692
4434	6692
2438	6692
2837	6692
4649	6692
2448	7381
6211	7381
921	7381
6103	7381
6952	7381
2597	7381
4146	7381
4510	7381
1464	7381
3644	7381
361	7381
6394	7381
5937	7381
6517	7381
2429	7381
1988	7381
688	7381
4878	7381
3724	7381
2823	7381
2514	2936
994	138
7508	138
7595	138
5191	138
1161	138
3547	138
6479	138
4655	138
1858	138
844	138
1389	307
5317	307
6908	307
5099	307
2797	307
5095	307
2112	307
2307	307
5623	307
7656	307
6475	307
5153	307
371	5872
138	5872
2514	5872
1343	2609
6000	2609
1654	2609
5782	2609
1651	2609
120	2609
1842	2609
546	2609
1367	2609
1353	2609
3203	2609
5190	2609
2484	6501
6757	6501
3092	6501
6172	3789
7314	3789
1457	2033
178	2033
6319	2033
6108	2033
3789	2033
6063	2033
2064	2033
314	2033
1947	2033
5149	2033
4455	2033
5299	5157
2750	5221
4166	5221
2318	5221
1665	5221
1938	5221
1928	5221
3225	5221
1974	5221
145	5221
6172	7637
2015	440
3976	2181
3551	2181
1155	2181
3684	2181
1904	2181
552	2181
1112	2181
229	2181
3084	2181
7280	2181
2089	2181
7013	2181
4696	2181
7579	2181
5757	2181
3977	2181
2862	2181
4450	2181
1220	2181
1749	2181
2459	2181
5856	2181
5581	2181
4974	2181
5951	2181
6137	2181
803	2181
3740	2181
1325	2181
2584	4262
5803	4262
345	4167
323	4167
2607	4167
7002	4167
5642	4167
2721	4167
4320	4167
7501	4167
4140	4167
4635	4167
1688	4167
6092	4167
3603	4167
3525	4167
3787	4167
7407	353
7383	353
5538	353
7104	353
2911	353
2898	353
3402	353
356	353
3708	353
1339	353
5638	353
3146	353
7427	353
4845	353
4734	353
6457	353
3614	353
1145	353
4559	353
3079	353
6283	353
6715	353
4882	353
4278	353
448	353
5026	353
6153	353
380	353
7153	353
1661	353
3549	353
1768	353
1036	353
4745	353
798	353
252	353
2600	6172
4335	6172
6178	6172
2436	6172
4255	6172
3894	6172
5478	6172
1329	6172
5364	6172
3646	6172
7495	6172
297	6172
3255	6172
5760	6172
6317	6172
2934	6172
2446	6172
3155	6172
4731	6172
4735	6172
3027	6172
1812	6172
2273	6172
5669	6757
3444	6757
564	6757
3886	6757
3399	6757
5634	6757
661	6757
5771	6757
5647	6757
626	6757
3653	6757
6120	6757
3650	6757
2358	6757
4660	6757
6555	6757
2391	6757
1260	6757
7439	6757
4604	6757
2538	6757
6437	6757
2314	636
3068	636
7601	636
1052	636
2422	636
3991	636
3456	636
654	636
3359	636
2859	636
7313	636
3656	636
4687	636
1793	636
7349	3202
2207	3202
2583	3202
4328	3202
1469	3202
956	3202
6280	3202
375	3202
6656	3202
2790	3202
5504	3202
3110	3202
2905	6657
3552	6657
24	6657
5107	6657
864	6657
4980	6657
7659	6657
3012	6657
3318	6657
2553	6657
5686	6657
106	6657
3320	6657
2963	4116
4082	4116
1760	4116
6117	4116
5927	4116
4994	6164
1252	7656
6809	7656
1418	7656
7225	2385
3435	2385
5369	2385
5601	2385
5029	2385
1351	2385
7283	2385
188	4755
7239	4755
3990	4755
4540	4755
1555	6102
5650	1757
687	1757
416	1757
4027	1757
4450	1757
318	35
7685	35
493	35
6757	596
1792	3596
1496	3596
5616	3596
7465	7093
4489	7093
1368	7093
516	7093
3010	7093
3462	7093
6768	7093
1499	2812
3148	548
2534	548
5261	2166
7014	4216
1695	4216
5796	4216
1502	6259
1507	5771
844	6343
4115	6343
3990	6343
678	6343
5413	6343
1360	6343
6954	6343
7782	6343
5540	6343
7196	6343
3533	6343
2933	6343
7052	1907
2808	1907
463	1907
3660	1907
3288	1907
2807	1907
6869	1907
2194	1907
4159	1907
6189	1907
3098	1907
4040	1907
4888	1907
6527	1907
1919	1907
7582	1907
158	1907
7471	1907
3071	1907
6519	1907
5260	1907
7862	1907
5161	1907
4238	1907
4615	1907
3548	1907
3896	1907
7264	1907
4772	1907
4695	1907
5692	1907
7303	1907
5935	7231
6193	2202
4583	2202
6582	2202
5192	2202
2027	2202
2038	2202
4733	2202
2826	2202
7078	2202
608	2202
1669	2202
2825	2202
7368	2202
3903	9
1547	9
575	9
4591	9
6884	9
402	9
3803	9
134	9
1680	9
1475	9
3273	9
467	7424
475	7424
6538	7424
1720	3797
6951	3797
508	698
2611	7820
3365	1395
189	1395
4751	1395
544	1395
6614	1395
2950	1395
2967	1395
7588	1395
7235	1395
5293	1395
2493	1395
5952	1395
3775	1395
4873	1395
6505	1395
4544	1395
6081	1395
2665	1395
6699	1395
2958	6335
3939	6335
436	6335
7157	6335
6210	6335
3798	1254
6309	4922
7780	5905
5327	5905
5097	5905
6071	5905
3497	5905
5932	7724
6397	7724
3254	7724
3706	7724
3555	7724
3117	7724
5660	245
1579	245
2879	245
3679	245
79	1304
3260	6696
2393	6696
1502	4786
1976	2107
2861	375
6211	375
2597	375
6952	375
6839	375
7831	375
3120	375
5614	375
1548	375
2253	375
2868	375
2941	375
408	375
1117	375
3422	375
4685	375
6830	375
6110	375
4171	375
2902	375
6456	375
7628	375
5140	375
7118	375
822	375
361	375
663	375
2077	375
4590	375
3138	375
2383	375
6384	375
3110	375
2002	375
500	5776
3492	1441
428	1441
4361	1441
5679	1441
3931	1441
1973	1441
589	746
707	746
395	4506
5707	4506
7701	4506
7188	536
6680	536
6116	536
5061	536
2110	883
7020	883
6659	883
206	883
585	883
792	883
393	883
4062	883
5766	883
7660	883
1319	883
4094	883
1284	883
5595	883
4892	883
7849	883
782	883
7293	883
4641	883
75	883
5599	3148
1910	3148
2219	7100
5863	764
691	764
484	764
3158	764
6312	764
4167	764
1402	764
4638	764
5044	764
1295	7581
5434	7581
3433	7581
6795	7581
5975	7581
3123	7581
6399	7581
1021	569
7729	569
5767	569
6502	569
7454	569
1600	569
3745	7745
5043	437
2383	437
4033	437
5881	437
2148	3860
2959	3860
7056	6132
5069	5868
6597	5868
6616	5868
6623	5868
4500	5868
1765	5868
181	5868
4802	5868
3372	4475
4549	4475
5563	4475
1712	4475
4302	4475
728	4872
254	4872
3041	4872
1399	4872
6129	4872
4525	4872
5852	4872
331	4872
2379	4872
3424	4872
6887	3128
3472	3128
3722	3128
3660	3128
6832	3128
7392	1895
1847	1895
5238	1895
5332	1895
230	1895
7203	1895
3581	1895
6293	1895
226	1895
6960	1895
3975	1895
867	1895
6328	1895
6782	1895
4692	1895
6264	1895
5960	1895
4249	1895
6787	1895
5347	1895
5826	1895
1235	1895
915	1895
6783	2459
4872	2459
5576	4047
2831	4047
2004	2719
3560	5935
7448	5935
7706	5935
5747	5935
7115	5935
2375	5935
2479	5935
4927	5974
26	53
7847	53
7826	4541
4213	6793
5591	7232
248	7232
5751	7232
3145	7232
2008	7232
7725	7232
4329	7232
7836	7232
6970	7232
1060	7232
2708	7232
2309	2340
2689	2383
4017	2383
689	2383
7048	2383
5985	2383
5010	2383
160	2383
3856	2383
838	2383
2271	2383
3265	2383
7676	2383
7524	2383
2094	2383
3269	2383
3457	2383
6379	2383
207	2383
2334	2383
4132	2383
1925	2383
7480	2383
751	2383
712	2383
7753	2383
2662	1858
4628	1858
7297	1858
3115	1858
4655	1858
2854	1858
5021	6612
5701	6612
1732	6612
431	4495
859	4495
1244	4495
4668	4495
3243	4495
28	4495
4406	4495
3897	4495
48	4495
114	4495
1866	4495
2390	4495
3351	4495
1270	4495
5443	4495
4121	4495
2426	4495
5200	4495
4136	4495
2337	4495
2304	4495
1	3406
1234	6376
3994	6376
3019	6376
2039	7110
5967	7110
1491	7110
5233	7110
7827	7110
6010	7110
114	7110
4265	7110
5511	3969
518	246
5655	2743
3656	2743
5475	2743
7793	2743
5498	938
627	938
2752	938
7640	938
2864	938
3425	938
1361	938
1500	938
6364	938
4015	938
4818	938
6923	938
5464	7343
3554	7343
6088	4089
7327	4089
6520	4089
7475	4089
6383	4089
6098	4089
5254	4089
7333	4089
1266	6652
3826	5163
6170	5163
5301	5163
2368	5163
32	5163
2767	5163
2085	4391
2052	4391
154	4391
6086	4391
5877	4391
1531	4391
5585	4391
4678	4391
4280	4391
4774	4391
651	4391
1473	4391
3373	4391
763	6098
6956	3585
2014	5159
6743	5159
217	5159
3890	5159
2949	5159
3553	5159
939	5159
2483	5159
1956	5159
7848	5159
157	5159
3215	5159
6876	5159
2683	5159
7610	5485
4352	4492
1312	4007
4172	4007
5882	4007
111	4007
7367	4007
301	4007
3539	4007
1064	4007
1349	4007
1610	4007
3114	4007
6785	4007
470	4007
3568	4007
1838	4007
1196	4007
3197	4007
4007	4589
77	4589
111	4589
7367	4589
6789	4589
2377	4589
6141	4589
5158	4589
6204	4589
1762	4589
3617	4589
6785	4589
3696	4589
624	4589
3978	4589
952	4589
7254	4589
3221	3824
6097	3824
4852	3824
2500	3824
6361	3824
4079	3824
7761	3824
7095	3824
5995	3824
7258	3824
5437	3824
4989	3824
6693	3824
6307	2503
5568	2503
5049	2503
2362	2503
2749	7793
1232	7793
5820	7793
7005	2289
3095	2289
3094	2289
1559	2289
3445	2289
7821	5645
2824	5645
351	5645
2888	5645
541	5645
102	5645
3516	5645
1746	5645
4572	5645
1438	5645
4846	5645
1013	5645
5869	6773
6579	6773
2638	6773
7651	6773
6730	6773
1544	6773
2604	6773
2588	6773
4620	4787
7685	3896
63	4019
488	5409
393	5409
3495	5409
1563	5409
628	5409
6919	5409
5894	5409
7385	5409
6604	5409
7020	5409
1817	5409
7352	5409
7838	5409
1564	5409
6147	5409
1997	5409
5695	5409
7498	5409
2204	5409
7111	5409
7091	5409
3940	4643
353	372
1297	355
7575	355
3218	355
5789	891
5853	891
4942	891
47	891
4114	891
3760	891
643	5665
2986	5665
6965	5665
863	5665
1201	5665
178	5665
3069	2566
1797	2566
1606	2566
1362	2566
3133	2566
2245	2566
3296	2566
1295	2566
4504	2566
6441	2566
3343	2566
7514	2076
324	2076
2329	2076
1875	2076
6644	2076
2430	2076
1783	2076
3883	2076
7107	2076
4870	2076
7487	2076
5988	2076
4313	2076
2653	2076
828	2076
6180	2076
7197	2076
3824	2399
3843	92
5135	92
3396	495
1228	495
1979	495
7733	495
4304	495
3106	495
4836	495
0	495
788	6348
5141	6348
3634	6348
783	810
6096	810
284	810
6764	810
7362	810
2669	810
2872	810
5300	810
3082	810
7189	810
3566	810
2645	810
3668	810
2833	810
538	2309
5133	2309
465	2309
1530	2309
3341	2309
6483	2309
5974	2309
7399	2309
2881	2309
3580	2309
2142	2309
7664	2309
3859	2309
6095	2309
4631	2309
5491	2309
5731	2309
6880	2309
1911	2309
1009	2309
1402	2309
7558	3686
375	4851
1609	4851
7685	4851
781	4851
4080	5388
65	5388
6540	5388
1982	5388
289	5388
5426	7476
2732	6186
7129	6186
771	6186
3057	6186
6281	6186
4546	6186
6645	6186
286	6186
1137	6186
5658	6186
1619	6186
2219	4020
6318	1823
1010	1823
6542	1823
2764	3154
2428	7406
2476	7406
596	801
6352	5220
3942	6334
6703	5531
2600	5531
6172	5531
381	5531
3027	5531
6868	5531
7071	5531
2464	5531
4145	5531
4437	5531
1027	5531
4412	5531
6881	5531
3454	5531
614	5531
6541	5531
814	5531
4255	5531
5104	5531
1687	5531
3674	5531
2803	5531
785	5531
2779	1059
3161	1059
1312	3197
3639	4068
6327	4068
6098	502
5011	502
732	502
6740	502
3109	502
1086	5939
2766	5939
7116	5939
6258	5939
3973	3607
4246	3607
6113	3607
2976	3607
6985	3607
2770	3607
5054	898
7477	5888
7694	5888
4453	5888
4669	5888
1183	5888
1166	5888
887	5888
6848	5888
5722	5888
2498	5888
7059	5888
6922	5888
3712	5888
7623	5888
4384	5888
7662	5888
2863	5888
2465	7728
3202	7375
6183	384
6028	384
6296	384
4959	3060
1914	112
7500	112
3364	703
4527	703
1046	703
1924	703
7361	703
1400	703
5281	703
794	703
2322	703
1223	703
5958	703
7863	1023
880	1023
7818	1023
4526	1023
62	1023
5739	1023
6350	1023
3579	1023
164	1023
4708	1023
5912	1023
2010	1023
4553	1023
1555	2121
6843	5299
6608	5299
5984	5299
7450	5299
72	5299
2980	5299
7206	5299
7113	5299
5002	5299
359	5299
4225	6324
1851	6324
3397	6324
7025	6324
3256	6324
1946	6324
5353	6324
7401	6324
486	6324
1692	6324
3651	6324
1074	2172
2413	2172
39	2172
7663	2172
2103	2172
6255	2172
5848	2172
6790	2172
4931	2172
2741	2172
6245	2172
4480	2978
527	2978
1864	2978
5679	2978
5084	2978
4387	2978
2049	2978
3154	2978
2667	2978
3164	2978
3375	2978
5631	2978
2135	2978
6239	2978
5589	2978
4319	2978
2654	2978
4104	2978
1327	2978
7616	2978
6583	2978
5700	2978
1507	2978
5092	5569
4482	5569
3737	5569
1629	5569
6979	5569
1414	5569
2786	4427
6763	5261
5698	5261
6553	5261
3810	5261
3808	917
7083	917
6668	917
4542	917
1286	917
1337	4911
2803	4911
5077	4911
7608	4911
2380	4911
6902	4911
5876	4911
5404	4911
5531	4911
6595	4911
5479	4911
5094	4911
6738	4911
6188	4348
4071	4348
6571	4348
7290	4348
276	4348
4911	4348
3592	7822
1296	7822
1261	7822
6709	7822
5921	7822
6910	7822
2353	7822
6500	7822
1157	7822
6696	4115
3729	4115
2576	8
418	8
5843	8
3173	8
850	8
4900	8
4798	8
1627	8
5196	8
5186	8
1703	8
465	8
7800	8
3059	8
5974	8
714	8
7121	8
7825	708
3461	708
4791	708
7527	4229
7011	4229
4415	4229
3816	4229
7817	6352
3149	6352
1769	6352
1202	6352
2529	6352
3352	6352
6624	6352
2132	6352
7622	6352
6173	5704
3933	5704
5584	5451
7330	5451
5272	5451
7585	5451
2165	5451
2648	5451
4349	5451
1965	5451
7613	5406
2129	5406
3219	5406
7562	5406
3554	5406
3064	5406
3588	5406
5946	5406
5836	6684
3635	6684
4724	3113
4189	3113
1518	3113
3094	3113
490	3113
7050	3113
2128	3113
1463	3113
4447	3113
7119	7200
4555	7200
2805	4749
202	4749
7635	4749
5165	4749
730	4749
3407	4749
537	4749
6231	4749
6410	4749
173	4749
6339	4749
1127	4749
66	4749
3018	4749
3179	4749
7777	4749
6544	4749
561	5820
3714	5820
3160	5820
1392	5820
2576	5820
2972	5820
7844	5820
5972	5820
6692	5820
1420	5820
2852	5820
5874	5820
7160	5820
5274	5820
2532	5820
5529	5820
5202	5820
77	3587
7345	3587
3897	3587
3035	4390
5532	4390
2594	4390
4087	6524
1835	4725
6705	5340
1225	5340
2965	5340
2217	5340
6171	5340
4039	5340
7255	5340
1128	5340
4925	5340
7359	5340
3466	5340
1550	5340
7798	5340
2996	5340
3838	5340
2885	5340
3050	5340
2785	5340
4657	5340
3265	5340
2162	5340
649	5340
4169	5340
4402	5340
5035	5340
3037	5340
737	5340
4671	5340
1962	5340
7792	5340
3567	2778
6063	2778
4820	2778
1854	2778
6619	2778
7602	2778
4009	2778
2404	4180
5888	3216
6657	3216
1344	1194
6320	1194
7692	1194
4367	1194
5804	1194
681	1194
3016	1194
533	1194
7642	1194
6050	1194
6186	6090
2344	6090
7470	385
1236	5134
2772	5134
5503	5134
696	5134
4610	5134
949	5134
2009	7714
1455	7714
5602	7714
3015	7714
1959	2366
5260	1195
781	1195
6837	4868
3416	4868
3055	4868
1907	4868
4805	4868
5183	4549
2209	4549
2406	4549
5791	4549
4066	4549
2035	4549
4173	4549
5741	4549
7375	4549
4386	4549
121	4549
3520	4549
3662	4549
6755	4549
171	4549
6618	4549
6533	4549
1478	4549
7761	4549
1029	4549
5057	7295
1080	1250
3161	1918
2087	1918
77	4598
7	86
3970	86
2947	86
1417	86
903	86
1640	86
3060	86
7618	1394
1876	1394
122	1394
4152	1394
6900	1394
105	1394
7802	1394
506	1394
4331	1394
4431	1394
6912	1394
435	1394
6824	1394
7253	1394
3239	1394
4398	1394
263	1394
5113	1402
6734	1402
1987	1402
758	1402
6567	1402
7030	1402
6284	1402
1939	1402
3108	1402
4008	1402
902	1402
964	1402
493	1402
1852	1402
4788	1402
1386	1402
3301	1402
1955	1402
7540	1402
1344	1402
6285	1402
2068	1402
4031	1402
3518	1402
1258	1402
4863	1402
7718	1402
3286	1402
2088	1402
7827	1402
353	1402
1235	1402
6350	1402
985	1402
1661	1402
1036	1402
7053	1402
4828	1402
1824	1402
5685	1402
6165	1402
4385	1402
3927	1402
4327	1402
2460	1402
4041	1402
7658	175
7274	3309
46	3309
367	3309
6053	3309
7172	3309
5574	77
2923	77
3284	77
6803	77
7674	77
3947	77
1850	77
5582	77
1231	77
2802	77
1480	77
3063	77
2489	77
1571	77
6653	77
5497	77
1312	77
3197	77
5882	77
5733	77
5115	77
4990	77
90	77
5968	77
328	77
5717	77
7472	77
329	3182
6728	2332
5779	2332
6629	2332
6683	2332
3053	2332
7026	2332
1132	5551
565	3478
3954	3478
2886	3478
7683	3478
1813	3478
3140	3478
2835	7666
7795	3929
6081	7711
7039	7711
5520	7711
2141	7711
6831	7711
6586	7711
4196	7711
2681	6033
2317	6033
200	6033
4937	6033
7549	6033
7416	6033
744	6033
1988	6033
2281	6033
4029	6033
1251	6033
2547	6033
3165	6033
825	6033
7046	6033
5740	2960
1253	4861
2487	4861
7801	4861
4570	4861
5784	4861
1739	4861
1421	4861
6199	4861
5645	5726
1076	2792
5904	2792
2631	2792
4030	2792
425	2792
3869	2792
5862	2792
4317	2792
705	1373
2978	1373
3	1373
6329	1373
6804	1373
3164	1373
4238	1373
4765	1373
4599	1373
5411	1373
4596	1373
6527	1373
7191	1373
3732	1373
4159	1373
5260	1373
7862	1373
5063	1373
1428	1373
5440	1373
4115	1373
7012	1373
185	4522
3593	4522
2614	4522
1562	4522
620	4522
2573	4522
3423	4522
6755	4522
7425	4522
5950	4522
5814	4522
2993	4522
6122	4522
3971	4522
4566	2535
4052	2535
6972	2535
5895	2535
4780	2535
1605	2535
4075	2535
2957	2535
2024	2535
7789	2535
4380	2535
4451	2535
6354	79
5807	79
5577	79
1648	79
1219	6627
3003	6627
800	6627
4636	6627
2563	6627
5024	6627
2961	6627
2084	6627
563	6627
932	6627
5696	6627
900	6627
6154	6627
3139	6627
7170	6627
7090	6627
7785	6627
1820	5982
165	5982
7593	5982
4618	5982
3717	5982
6198	5982
7287	5982
3557	5982
1501	5982
5644	5982
6061	5982
4044	5982
1532	2272
7271	2272
806	2272
2992	4959
4632	4959
406	4959
5684	4959
2567	4959
1090	4959
777	4959
6513	4959
6496	4959
4922	4959
5918	4959
6309	4959
1432	6327
501	6327
5472	5611
4961	5611
6792	5611
4028	5611
2134	5611
6433	5611
6531	5611
1580	5611
5203	5611
6304	5611
6701	3496
4505	3496
940	2789
4099	2789
1376	2789
1711	2876
4926	2876
1072	2876
142	2876
3861	2876
353	5366
2786	5366
5868	5366
7142	4308
1083	4308
4018	4308
2559	7090
3013	7090
103	6110
7377	6110
3413	6110
6430	6110
5759	6110
2698	6110
4737	6110
2249	6110
95	6110
4275	6110
999	6110
7794	6110
6697	6110
115	6110
6060	6110
1217	6110
4458	6110
7760	6110
6495	6110
1578	6110
1347	6110
2037	6110
4344	6110
5688	6110
5664	6110
4382	6110
1050	6110
7511	6110
3967	6110
1237	6110
2524	6110
4383	6110
2557	6110
5805	6110
809	6110
2887	6110
1337	6110
6257	7670
4326	3267
4765	3267
7376	3267
942	3267
5119	3267
5320	3267
6069	5869
7791	5869
6112	5869
3752	5869
5215	5869
4479	4355
4866	320
3934	965
6802	4670
2522	654
7859	654
4718	654
1423	654
1020	654
2984	654
1920	654
7421	654
5471	654
5579	3094
3290	3094
6169	3094
723	3094
372	3094
7193	3094
2211	3094
5816	3094
7248	3094
7325	3094
6621	3094
5811	3334
5772	7814
1053	2555
5565	1405
5032	1405
1354	371
6822	371
5155	371
5459	2995
4768	2995
5947	2995
4593	2995
5398	2995
2729	2995
1131	2995
2822	2995
811	2995
1215	2995
1208	2995
4321	2995
6679	2995
5438	2995
4625	2995
6124	2995
889	2995
4051	2995
6560	2995
2533	2995
831	2995
7166	2995
7482	2995
2104	2995
1653	2995
2469	2995
3374	2995
6444	2995
1672	2995
5555	2995
4855	2995
6142	2995
4826	2995
387	2995
7700	2995
7446	2995
3005	2995
1493	2995
4872	4711
126	2598
2527	2598
4279	2598
2652	2598
4097	3440
4413	3440
1524	3440
1154	3440
53	3440
3618	3440
4934	3440
5303	3440
3501	3440
4117	1380
2001	7345
3245	7345
5065	7345
6168	7345
6043	7345
5810	7345
3134	7345
1146	7345
5500	7345
4578	7345
4602	7345
553	7345
3880	7345
6580	7345
1394	6521
3718	7811
7074	7811
4507	7811
3125	5599
5731	5599
7471	5599
2623	5599
2098	5599
1291	5599
5033	5599
2179	5599
1735	5599
1855	5599
3231	5599
832	5599
1717	5599
3324	5599
7615	5599
5499	5599
3885	5871
1556	5871
3979	5871
5201	5871
6243	5871
3559	5871
5228	5871
7765	5871
2236	5871
5906	5871
2193	5871
415	5871
3068	5871
2005	5871
600	5871
2891	5871
391	5871
6453	5871
4869	5871
4587	5871
2263	5871
2787	4781
5797	4781
5622	4781
1442	4781
3777	4781
6574	4781
2857	4781
6719	4781
7065	493
183	493
6885	493
227	493
7672	493
6114	5742
1370	5742
4256	5742
2523	5742
4894	5742
6605	5742
4011	5742
514	5742
2840	5742
4088	5742
6185	5742
6939	5742
7689	5742
4291	5742
1434	5742
5215	2647
6375	63
2066	63
4985	63
6791	4052
7325	4052
4210	4052
3001	4052
1265	4052
4074	4052
3694	4052
3823	4052
4739	4052
3538	4052
4719	6400
3906	6400
6944	6400
3072	6400
3770	5539
2977	5539
2456	5539
6535	5539
4699	5539
3711	5539
6358	5539
4918	5539
6247	5539
4698	5539
5152	5539
6067	5539
5761	5539
2747	5539
6804	480
1626	480
3416	480
4456	480
5872	480
7703	480
6085	480
7719	480
5045	480
6699	480
4607	1909
4533	1909
847	1909
4305	1909
547	1909
1494	1909
1493	1909
7804	1909
1314	1909
7449	1909
886	1909
2995	1909
901	1909
1586	1909
4842	1909
4441	1909
4051	1909
7526	1909
5672	1909
93	1909
2888	6572
1525	6572
4195	6572
563	2402
6968	2402
5074	2402
2000	2402
5059	2402
7742	2402
2865	2402
6816	2402
6658	2402
3930	2402
7105	2402
6038	2402
2347	2402
3704	2402
6177	2402
162	2402
900	2402
3337	2402
5496	2402
1822	2402
3046	2402
6349	2402
7778	2402
4228	2402
6368	2402
1134	2402
59	2402
5954	2402
1374	2402
3839	7330
6044	7330
5598	7330
3100	7330
3158	7330
993	7330
7246	3904
846	3904
511	3904
4969	3904
5492	3904
729	3904
4515	3904
5560	2475
3678	2475
6024	2475
1169	3260
4928	3260
7396	3260
262	3260
4839	3260
888	3260
5483	3260
2890	3260
4600	3260
4817	3260
1677	3260
7016	3260
523	3260
5931	3260
4948	3260
6825	3260
4865	3260
6761	3260
6238	3260
7469	3260
2423	3260
3460	3260
766	3260
7714	3260
7386	3260
6563	3260
7653	3260
945	3260
1324	3260
2389	3260
977	2556
150	2556
6020	2556
4966	2556
3116	2556
7557	2556
3889	2556
2951	551
7832	551
3174	551
1857	551
2684	551
7049	551
7238	551
2161	551
4580	551
1305	551
3011	551
6987	551
3757	551
3310	551
194	551
6650	551
7645	551
4228	551
1307	551
3487	551
1516	551
7609	551
5785	551
5110	551
3241	551
2210	5161
926	5161
4880	5161
2566	5161
6953	5161
871	5161
1861	5161
2415	5161
5041	5161
3792	5161
375	5161
3642	5161
5079	5161
4981	5161
5536	5161
4830	5161
3839	5161
2376	5161
3458	5161
2627	1560
5303	1560
2525	1560
436	1560
5801	1560
3720	1560
2374	1560
4617	1560
7828	1560
7033	1560
5935	1560
6491	1560
7682	1560
2970	1560
7382	1560
7509	1560
539	1560
7773	1560
5399	1560
3272	1560
4975	1560
2894	1560
2518	1560
6823	1560
5571	1560
835	1560
3006	1560
1891	1560
2593	1560
6942	1560
6482	1784
455	1784
424	1784
3026	5235
843	5235
6966	5235
4971	5235
754	5235
7571	5235
3625	5235
4297	4601
5036	4601
4754	4601
5012	4601
3427	4601
931	4601
677	4601
1763	4601
1848	4601
780	4601
2517	4601
3724	4601
2867	4601
4134	4601
2239	4601
311	4601
6213	4601
7644	4601
5310	4601
4986	4601
5408	4601
4236	4601
6507	4601
4205	4601
6499	4601
790	4601
4761	4601
1207	4601
2925	7062
2191	7062
2696	7062
6419	7062
5385	7062
474	7062
5373	7062
5769	195
7163	195
4089	2615
3128	2615
334	2601
3912	2601
76	2601
816	5866
5147	5866
5929	5866
1819	5866
7134	5866
5258	7136
5195	7136
5844	7136
2520	7136
5296	7136
6665	7136
6955	7136
375	7136
4611	7136
7621	7136
3131	1162
1907	1335
7324	1335
3282	1335
3128	1335
4830	7471
6160	7471
6297	7471
969	7471
2077	7471
2623	7471
2098	7471
1291	7471
5033	7471
2179	7471
5167	7471
89	7471
7237	7471
1854	7471
7118	7471
3392	7471
7688	7471
748	7471
7314	6385
701	7659
1903	3729
735	3729
1614	3729
2055	3729
4996	3729
3208	3729
1622	5759
2431	5759
6301	5759
7177	5759
7004	5759
1832	5759
679	5759
4693	5759
7338	5759
7794	5759
3874	4234
4231	4234
3623	4474
1098	4474
4765	4474
7241	4474
7430	4474
2057	4474
204	4474
7797	4363
2092	7206
7610	7206
5760	7206
3904	3784
2167	3784
2008	6721
1176	6721
1216	6721
629	6721
3794	2675
6017	3355
4416	7278
4207	7278
3530	7278
2292	7278
7015	7278
5914	7278
6155	7278
3829	7278
849	7278
5982	7278
1152	7278
2506	3851
1896	3851
7036	3851
5873	6741
6305	6691
1232	6691
1734	5549
5367	3773
2671	3773
1747	3773
375	2315
5179	2315
1441	2099
4970	5856
6305	5856
6300	4464
7387	4464
1119	4464
6943	4464
4126	4464
1659	4464
5987	4464
605	4464
2496	4464
7736	4464
4199	4464
2363	4464
4841	4464
5435	4464
6333	4464
1515	4464
4548	4464
978	4464
3564	5365
5419	940
4297	940
4230	940
5533	940
3941	940
2240	940
4678	940
2126	940
5484	940
96	940
3175	940
7589	940
327	940
119	940
6086	940
4391	940
3837	940
4826	940
85	940
7130	940
6436	940
6818	940
7339	940
6154	7685
3812	7685
3076	7685
5368	7685
7459	7685
195	7685
6593	7685
2988	7685
2513	7685
3074	7685
1751	7685
1422	7685
6525	7685
4875	7685
5842	7685
2030	7685
3043	7685
5348	7685
1689	7685
6326	7685
6302	7685
5208	5318
312	5116
1094	5116
3738	4347
4782	5735
2004	3584
7409	3841
6282	3841
4720	3841
6678	1005
6613	1005
5260	4346
4334	4346
6702	4346
6937	1917
6758	1917
3739	1917
5352	1917
3961	7610
2444	7610
6034	7610
4854	7610
5074	7610
4773	7610
7657	7610
837	7610
7788	7610
4400	7610
153	7610
7037	7610
904	7610
2169	1466
4897	1466
1899	3657
2784	3885
1199	2784
599	2784
4821	2784
6353	2784
3464	2784
573	2784
786	2784
2731	2784
5234	2784
2319	2784
2800	2784
4758	2784
4921	2784
1061	2784
5260	6927
5288	5461
3002	2571
1173	2571
781	5466
5626	2432
7188	2432
946	2432
7240	2432
6089	2432
7851	2432
692	2432
1948	2432
2736	2432
2765	4375
3670	7400
5788	6309
2946	6309
1025	6309
5506	6309
2508	6309
5241	6309
7149	6309
7803	6309
332	6309
1015	6309
6496	6309
2992	6309
2943	4518
3368	4518
7174	4518
6251	4518
6493	4518
5942	4518
6603	4518
5720	4518
4623	4518
2695	7564
3871	2472
3610	4811
1608	3897
7639	3897
7631	3897
7414	3897
2914	3897
2707	3897
7345	3897
1452	3897
218	3897
3261	3897
3414	3897
6151	3897
7047	3897
3245	3897
6214	3897
3312	3897
580	3897
4527	7865
4919	7865
2226	7865
672	5128
7041	5128
1633	5128
4713	5128
2632	5128
4137	5128
3420	5128
562	5128
874	5128
6455	5128
7567	5128
3085	5128
5671	5128
7034	5128
3702	5128
2283	5128
6732	5128
5279	5128
6229	5128
2058	1872
5981	1872
117	5615
3237	4242
2948	4242
5414	4242
5027	4242
1931	4242
5269	4242
2535	3911
2670	7170
376	7170
3213	7170
7665	7170
6958	7170
1773	7170
5267	7170
737	7170
7636	7170
124	7170
5802	7170
4732	7170
6019	4077
7223	4077
1517	4077
5025	4077
1618	4077
4850	4077
5282	3610
2289	3610
7773	3610
1560	3610
6514	3610
2184	3610
918	3610
4872	3690
6365	2040
6210	2040
7399	2040
3065	2040
278	2040
944	1801
762	1801
4417	1801
1289	1801
4476	1801
1953	1801
4448	1801
5304	1801
7677	1801
1994	1801
5870	1801
6252	6528
6691	6528
5230	4294
4484	4294
5091	4294
6810	4294
3328	4294
4887	4294
2075	4294
94	4294
5780	4294
7311	4294
6110	3676
5159	135
5325	892
3412	892
3136	892
4083	892
3367	892
966	892
1039	892
1996	892
151	892
1383	892
7211	892
3900	892
4212	892
3987	2690
6363	2690
6434	5401
3094	1959
1063	1959
5856	1959
1024	1959
3526	1959
5959	1959
2289	1959
2780	1959
3783	1959
2300	1959
6796	1959
7579	1959
118	1959
5938	1959
1777	1959
1031	1959
1646	1959
91	1959
1512	1959
937	1959
4762	1959
55	1959
2807	1959
7551	5394
3455	5394
1904	5394
7668	5394
2714	5394
3315	5394
5994	6181
5758	1513
5521	1513
3070	1513
1267	1513
2220	1513
756	3160
873	3628
3915	3628
396	3628
7350	3628
4471	3628
3562	3628
666	3628
6411	3628
7619	3628
1338	3628
5808	3628
383	3628
2004	3628
4760	3628
3346	3628
1377	3628
5242	6036
4605	6036
2501	6036
3345	6036
6698	6036
5545	6036
1001	2961
2182	2961
7741	2961
7770	2961
5721	2961
4913	2961
4600	2961
4817	2961
3013	2961
7423	2961
3489	2961
1280	2961
5646	2961
7746	2961
7467	2961
3005	2961
2290	2961
1879	2961
2995	2961
2167	1327
568	697
893	697
3956	1647
6570	1647
7194	1647
1206	1647
5436	1647
521	1647
3032	1647
4223	1647
7390	1647
6774	1647
5854	1647
74	1647
6529	4538
3302	2966
7603	2966
6921	2966
6311	2966
7764	7029
5047	6450
1888	6450
2983	6450
6736	6450
196	6450
532	6450
2889	6949
5355	6949
5103	6949
2325	6949
419	2600
3646	2600
3027	2600
7495	2600
1644	2600
6093	2600
4731	2600
7242	6342
504	6342
4746	6342
5167	6342
268	6342
458	6342
7668	6342
1254	6342
7557	6342
1539	6342
6138	3696
1172	3696
58	6762
4637	6762
6396	6762
6788	3044
959	3044
3627	3044
4891	3044
584	1698
4356	1698
1520	6534
5426	6534
7007	3774
4849	3774
5676	5172
863	5172
6081	5172
1611	5172
1194	5172
1156	5172
2072	5172
4803	5172
6750	5172
3632	2731
5080	2731
3504	2731
4921	2731
1781	2731
5257	2731
3438	2731
6223	2731
4226	2731
7624	2731
1593	2731
1585	2731
2954	7857
1741	7857
6882	7857
3316	7857
69	7857
2060	7857
5168	7857
1662	7857
4394	7857
2552	7857
6101	7857
1942	7857
2338	7857
7102	7723
3597	7723
3180	7723
6023	7723
2851	7723
2753	7723
2136	7723
2715	7723
6877	7723
1923	7723
7136	7332
7816	3624
7442	3624
7329	3624
286	3624
5658	3624
6186	3624
6207	3730
1317	3730
6249	3730
7652	3730
2766	2438
7847	5617
5953	4675
7696	4675
4767	4675
4601	4675
7246	4675
2662	4675
2118	4675
1964	4675
1082	4675
2180	4675
5666	4675
3038	4908
1566	4908
7435	4908
6222	4908
6409	4908
4026	5858
1472	211
4109	211
1798	211
4288	211
6236	211
2130	211
4467	211
1451	211
2397	211
3893	211
3685	211
1519	211
1990	211
5667	211
5441	211
3821	211
5407	6377
527	6377
4495	1967
7365	2115
7722	2115
447	555
5315	555
7384	555
152	555
4756	555
3171	555
2532	555
2818	555
3959	555
7759	555
460	1903
2402	1903
1656	1903
2734	2260
3181	2260
1071	2260
4722	2260
5558	4403
5123	184
6089	184
1366	184
706	4747
271	5358
736	5358
6152	5358
6807	5358
1292	5358
5125	5358
2952	5358
4815	5358
2839	5358
6518	5358
38	5358
5693	5358
6872	5358
4944	5358
5420	5358
5452	5358
1533	5358
4679	5358
6134	5358
1106	5358
3319	5358
2495	5358
6745	5358
1944	5358
7337	7359
4101	3168
422	3168
3479	3168
5830	3168
3135	3168
3141	3168
6412	3168
6833	3168
2237	3168
4063	711
2660	711
127	711
6610	711
4241	711
6811	711
7288	711
7488	711
5659	711
7275	711
7805	3357
4749	3357
3910	3357
317	1705
6001	1705
5982	1705
551	1705
1708	1705
3007	2361
2521	2361
1625	2361
6046	2361
7485	2361
368	2361
6344	2361
6838	7403
5476	7403
5243	7403
4257	7403
4913	7403
1853	7403
7572	7403
2257	7403
6888	7403
6886	7403
3952	7403
3928	7403
4499	7403
7672	7403
6885	7403
5396	7403
6484	6386
7856	7190
7403	5698
7127	6434
1713	6434
1123	6434
4003	6434
2699	6434
5361	6434
1384	6434
7629	6434
2138	6434
2537	6434
1722	6434
881	6434
2108	6434
4419	6434
7727	6434
2834	918
2970	918
7509	918
539	918
7773	918
5399	918
1560	918
3272	918
1912	918
7681	918
1764	918
6088	918
2040	918
6240	918
2402	2749
1242	2749
5719	2749
7213	2749
2827	2749
4128	2749
2370	2749
7388	2749
1124	2749
2013	2749
3143	2749
6638	2749
5613	2749
525	2749
5298	2749
5093	2749
6627	2749
2149	2749
5378	2749
1359	7227
6494	7227
5970	7227
3565	7227
2657	7227
2122	7227
6039	7227
1940	7227
5835	7227
6172	3955
6822	4555
5344	4555
878	4555
2080	4555
2121	4555
5627	4555
5674	4555
5928	4555
7582	2029
5832	2029
6166	2029
5896	2029
5141	2029
5101	6904
6266	6904
5009	6904
5702	6904
4715	6904
4567	6904
854	6904
7535	6904
6928	2815
5892	5338
4766	5338
5429	5338
7219	5338
5237	5338
6314	5338
4588	5338
6584	5338
7834	3302
6701	3302
7603	3302
4200	3302
7145	3302
2326	3302
7284	3302
5039	3302
179	3302
1129	7320
6545	7320
7671	7320
170	7320
1615	7320
2463	7320
1642	7320
2163	7320
6030	7320
365	7320
810	7320
2471	7320
3691	7320
325	7320
1993	7320
6083	7320
5641	7320
2348	7320
5837	7320
1468	7320
5743	7320
4203	7320
3408	7320
797	7320
3163	7320
4779	7320
5846	4100
7443	4100
3972	4100
3339	4100
3721	4100
4752	4100
6924	4100
2830	4100
5828	4100
1387	4100
41	4100
6065	4100
4490	4100
5245	4100
6184	6783
989	6783
611	6783
4545	5265
4746	5265
6769	2646
2349	3049
5625	2940
2636	2940
5197	2940
4131	2940
133	7634
1745	2106
6986	5001
1160	5001
6700	5001
6299	5001
3870	5001
3335	7494
3763	7494
1785	2589
5155	4227
577	4227
6057	4227
4356	4227
1698	4227
5917	4227
5865	4227
6340	4227
2763	4227
1388	4227
7290	1507
6366	1507
3172	1507
1497	1507
1941	1507
329	1507
1880	1507
5067	1507
2018	1507
169	1507
3127	1507
6483	1507
4883	1507
2043	1507
4218	1507
5250	1507
3586	1507
6880	1507
7475	1507
6641	1507
2167	1507
5180	1507
2315	1507
6228	1507
2615	4843
6473	4843
5142	4843
557	7560
1440	7560
5596	7560
67	7560
1932	7560
7032	7560
5030	7560
7713	7560
182	7560
738	7560
1624	7560
1227	7560
7560	6484
5845	6484
6760	6484
557	6484
1214	6484
576	6484
1791	4665
1210	3713
2100	6717
4983	6717
2416	6717
3999	6717
6041	6717
1087	6717
1448	6717
3489	6717
2737	6717
7389	6717
5517	6717
231	6717
2893	6717
4964	6717
4272	6717
5624	6717
6225	6717
5124	716
560	716
6497	716
2697	716
4676	716
6849	3130
2613	3130
7010	3130
4759	3130
2387	3130
1110	3130
2944	7334
2156	7334
4998	7334
1408	7334
2267	7334
3381	7334
3274	7334
5825	7334
554	5160
3974	4941
7605	4838
2860	4838
6488	4838
7490	4838
2571	1455
953	1455
4881	1455
4817	1455
4600	1455
4440	1455
4315	1455
6875	1455
444	1455
1503	1455
5682	1455
694	1455
4273	1455
3223	1455
1322	1455
1105	1455
1668	1455
2528	5331
7693	5331
1436	5199
2778	5199
1693	4478
7251	6427
6274	6427
1426	6427
7073	6427
7859	2314
638	2314
4024	2314
88	2314
5053	2314
2260	1011
4243	1101
739	1101
3276	1101
1966	1101
26	1259
7701	5675
1910	4483
4508	1933
3251	1933
7771	1933
1016	1933
954	1933
86	1933
7561	1933
7744	1933
1845	7318
4846	7318
3372	7318
3442	4149
1330	4149
5718	4149
4556	3689
7176	5906
2451	5906
5473	5906
4266	5906
4023	5906
4188	30
7381	6720
3637	3364
494	3364
2913	3364
4711	3364
6972	3364
7749	3364
1985	3364
4832	3364
6474	7518
3854	7144
4096	7144
2568	7144
2343	7144
1917	1030
764	3451
2076	6149
7723	6366
1686	763
1553	763
1701	763
183	763
6885	763
19	763
1111	763
4225	763
6007	763
341	763
6890	2685
219	1346
4991	1346
2503	1346
5469	1346
3673	1346
3645	1346
23	7056
1125	7056
1599	7056
609	7056
5570	7056
7323	7056
1388	7056
5020	7056
1073	7056
6439	7056
4828	7056
6012	4569
940	1841
3711	5854
3724	5854
2282	5854
7504	5854
6759	5854
5662	5854
4995	5854
6035	5854
5283	5854
1357	5854
321	5854
6445	5854
4000	2006
4100	6879
2219	1873
4914	4086
508	5547
3314	6038
6938	6038
3982	6038
299	7119
6899	7119
1060	7119
2502	7119
1677	805
3602	805
4150	805
292	805
7690	805
3039	805
1209	805
7024	805
650	805
7743	805
1977	805
5515	805
2726	805
6640	805
920	373
4155	1578
1612	1578
4913	1578
7222	1578
4716	6844
5008	6844
6489	6844
6783	6511
4035	2608
6973	2608
787	7620
6376	4056
6765	6634
955	6634
5920	6634
5145	6634
3540	5969
316	5969
5128	5552
74	5824
1238	5824
3840	5824
1158	5657
2033	2365
1048	3326
2961	7307
44	7600
3995	7600
2554	7600
4224	7600
6735	7600
3534	7600
2105	342
6602	342
7260	342
6369	342
7786	342
3688	342
2775	342
1756	342
5580	1546
6126	1546
4877	7030
3030	7030
6382	7030
530	7030
1570	7030
7436	7030
5171	7030
2827	7030
2606	7030
5696	7030
3867	7030
2437	7030
6261	7030
6278	2041
3502	2041
433	2041
3470	2041
3772	2041
4812	2041
1345	5562
2672	5377
6305	5509
6992	2177
549	2177
1535	2177
2125	2177
1727	2177
3962	2177
7252	2177
4808	2177
2197	2177
7788	2177
2408	2177
4491	2177
5523	2177
1268	2177
2666	2177
3759	2177
1263	2177
7199	5417
4341	720
5410	720
7066	720
3725	720
2275	720
5346	720
3165	720
5392	720
7075	720
6937	720
7276	720
2795	720
6263	2998
615	2998
2316	2998
2047	2998
3966	2998
7000	2998
914	2998
943	2998
5386	2998
7345	5488
5925	5740
617	5740
2587	5740
2236	5740
2711	5740
1356	5740
4899	5740
6892	5740
268	5740
4345	6011
3801	6011
1326	6011
4264	6011
5654	6011
3277	6011
7151	6011
300	4275
1601	4275
6801	4275
1622	4275
4672	4275
14	4275
398	4275
6148	4275
7186	4275
556	6026
7277	6026
3452	6026
542	6026
1363	6026
222	6026
1808	6026
4613	6026
310	6026
6414	6026
6866	6026
813	6026
5285	6026
1276	6026
5557	6026
1574	6026
1748	6026
1221	6026
4999	6026
769	6026
6062	6026
7775	6026
2203	6026
974	6026
6059	6026
1921	6026
7289	6026
4612	6026
6995	6026
15	6026
1742	6026
507	6026
7857	6219
5739	2835
3805	2835
6902	2835
6645	2835
7234	2835
6069	2835
4906	2835
481	2835
1950	2835
4468	136
4047	136
1490	136
1620	18
4459	18
5409	4810
460	4810
3901	5264
6257	3363
7462	5097
25	5097
6974	5097
6498	5097
5163	5097
6814	5097
6407	5097
2545	5097
899	5772
534	5772
894	5772
6637	5772
3162	5772
7787	5772
5668	5772
6819	5772
1634	5772
2133	5772
628	5772
3468	247
3379	247
5211	247
5354	247
7813	247
699	2048
4201	2048
4269	2048
216	5068
2904	7522
343	7522
6670	7522
6045	7522
4080	210
5271	1893
4275	5102
86	593
3060	593
934	593
4450	593
4814	593
6757	6726
4281	2718
3300	2718
315	2718
4442	2718
1460	2718
1915	2718
212	2718
4405	2718
759	2718
6295	4283
5302	4283
3695	4283
1213	4147
4033	5490
2961	3137
6829	4498
3431	4498
7584	4498
2578	4498
4125	4498
4179	4498
2452	4498
987	4498
1628	4498
684	4498
642	4498
5591	4498
2164	2706
5120	2706
7122	2706
7691	2706
2620	2706
7750	2706
5640	1298
1750	2497
5939	2497
1086	2497
1168	2497
5324	2497
1348	1860
2892	3958
6827	3958
3170	3958
633	3958
4592	3958
3098	3958
39	3958
3858	3910
3509	3910
6814	5339
2076	5339
357	5339
1140	5339
5599	1721
7261	1728
1455	7847
5336	7847
4110	7847
4325	7847
7244	7847
7510	7847
7396	7847
2208	7847
3317	7847
1381	7847
6694	7847
376	7847
6780	7847
2282	7847
3260	7847
5078	7847
4369	3747
6817	3747
2934	4245
7577	4245
5111	4424
3351	5326
876	2020
3830	2020
5880	2834
4706	2834
2050	2834
616	2834
7278	5849
1391	2092
109	2092
176	2092
3238	7846
3177	7846
7478	7846
3780	7846
3655	7846
1685	7846
7099	7846
4146	3183
2868	6115
5516	6115
7852	6115
2045	6115
3969	6115
348	6115
2590	6115
2238	6115
5108	6115
6784	6115
3264	6115
4878	6115
765	6115
4359	6091
7838	6091
1346	841
2793	5604
5950	6963
4601	1910
3724	1910
4298	1910
1960	5448
5345	5448
294	394
5370	919
4785	919
3165	919
4425	919
567	919
5648	4579
6109	4579
4429	4579
5251	4579
3111	4579
805	1613
7483	5561
2301	5561
5033	5561
7592	5561
5827	5561
2995	1852
2033	5643
5449	4274
6462	4274
4786	4274
350	4274
7274	4274
4962	4274
5841	6884
7301	1631
7641	1631
2549	1631
2506	7686
725	7686
5723	6283
1897	6283
4112	6283
3640	6283
2492	6283
5884	6283
3308	4893
1676	4893
4622	4893
2201	4893
3663	1630
1616	1630
4595	2938
2172	7580
7097	6415
352	6415
5219	6191
7655	17
4422	2924
455	4823
4374	1141
711	7591
1121	7591
2478	7591
1753	3611
656	3611
716	5474
1241	658
1378	3262
1872	5546
5982	4408
5609	1309
7391	4258
7441	2455
6051	2455
1004	2455
5454	2455
3252	2455
462	2455
4286	2455
468	2455
3295	6458
2262	6458
7417	6458
7381	4290
4532	1598